1	377	1794
2	1794	17845
4	17845	45257
5	45257	55871
6	55871	68941
5	68941	76166
4	76166	77822
5	77822	115824
4	115824	167209
2	167209	307737
3	307737	311662
6	311662	346077
7	346077	415038
6	415038	428408
5	428408	451683
6	451683	456464
4	456464	456934
3	456934	529118
4	529118	554340
6	554340	569355
7	569355	623339
6	623339	646613
5	646613	696231
3	696231	702445
4	702445	733174
3	733174	742429
5	742429	744068
6	744068	755964
7	755964	758311
6	758311	769619
5	769619	789326
4	789326	799636
3	799636	902141
4	902141	903171
3	903171	988150
2	988150	1008567
1	1008567	1020714
2	1020714	1049928
1	1049928	1083805
2	1083805	1142956
3	1142956	1147823
2	1147823	1182378
3	1182378	1189183
4	1189183	1213473
5	1213473	1214136
6	1214136	1215179
5	1215179	1215506
4	1215506	1217419
5	1217419	1221793
4	1221793	1231947
3	1231947	1283805
2	1283805	1291956
3	1291956	1292956
2	1292956	1309735
1	1309735	1314392
2	1314392	1452629
3	1452629	1483131
4	1483131	1574409
4	1574409	1609516
5	1609516	1610047
6	1610047	1617778
7	1617778	1619478
8	1619478	1637358
7	1637358	1639310
8	1639310	1640649
7	1640649	1662463
6	1662463	1674040
5	1674040	1674335
4	1674335	1683586
3	1683586	1697636
2	1697636	1720123
1	1720123	1836883
2	1836883	1849258
1	1849258	2014198
1	2043376	2045793
1	2062347	2109693
2	2109693	2130121
3	2130121	2136826
4	2136826	2145626
5	2145626	2146222
4	2146222	2188917
5	2188917	2194650
4	2194650	2242269
3	2242269	2253748
2	2253748	2300053
1	2300053	2314237
1	2315869	2316935
3	2316935	2322891
4	2322891	2362949
3	2362949	2366114
4	2366114	2370109
3	2370109	2394116
6	2394116	2413982
7	2413982	2436575
8	2436575	2436746
9	2436746	2440254
6	2440254	2441929
7	2441929	2446450
8	2446450	2476248
9	2476248	2477117
10	2477117	2478655
11	2478655	2478865
10	2478865	2480088
8	2480088	2482323
7	2482323	2488309
6	2488309	2488353
5	2488353	2490251
4	2490251	2526431
3	2526431	2527931
2	2527931	2543484
1	2543484	2573419
2	2573419	2573767
3	2573767	2574506
4	2574506	2575495
5	2575495	2576192
4	2576192	2577601
5	2577601	2579130
6	2579130	2579758
5	2579758	2580949
4	2580949	2594341
5	2594341	2598916
4	2598916	2599200
3	2599200	2600428
4	2600428	2604293
3	2604293	2605367
4	2605367	2606129
3	2606129	2607837
4	2607837	2610167
5	2610167	2612535
4	2612535	2612675
5	2612675	2612977
6	2612977	2613499
5	2613499	2613789
6	2613789	2615742
5	2615742	2618697
4	2618697	2619135
3	2619135	2619296
2	2619296	2622864
1	2622864	2723447
1	2795967	2837348
1	3117044	3142453
2	3142453	3207806
3	3207806	3216520
2	3216520	3262923
3	3262923	3265009
4	3265009	3278798
5	3278798	3284282
6	3284282	3284832
5	3284832	3323676
4	3323676	3326060
3	3326060	3358003
4	3358003	3373233
3	3373233	3383352
4	3383352	3392376
5	3392376	3401600
6	3401600	3409387
5	3409387	3412874
4	3412874	3419129
3	3419129	3431124
4	3431124	3437263
5	3437263	3441178
4	3441178	3446731
3	3446731	3476986
4	3476986	3497721
3	3497721	3500493
2	3500493	3538713
1	3538713	3539057
1	3567200	3574901
2	3574901	3645396
1	3645396	3710699
1	3749765	3751122
1	4025643	4027279
1	4647597	4650890
1	5027130	5068705
1	5189627	5267544
2	5267544	5414367
1	5414367	5459265
1	5733711	5785939
2	5785939	5788850
1	5788850	5795529
2	5795529	5836208
1	5836208	5868138
1	5872056	6045644
1	6106679	6111938
2	6111938	6112802
3	6112802	6135457
2	6135457	6156160
1	6156160	6247065
1	6379059	6411974
2	6411974	6421414
4	6421414	6437921
3	6437921	6494762
2	6494762	6508456
3	6508456	6514591
2	6514591	6570177
1	6570177	6587990
1	6717817	6720271
1	7412584	7492154
2	7492154	7492401
3	7492401	7492405
4	7492405	7492621
5	7492621	7492654
6	7492654	7493366
5	7493366	7494002
4	7494002	7494050
5	7494050	7494114
4	7494114	7494271
3	7494271	7494353
2	7494353	7598888
1	7598888	7610646
1	7637194	7638277
1	7778984	7787527
1	8105171	8111872
1	8125994	8128717
2	8128717	8131908
1	8131908	8276744
3	8313475	8318147
2	8318147	8332259
1	8332259	8338735
2	8338735	8344018
1	8344018	8346097
1	8500203	8503822
1	8668859	8810828
2	8810828	8812827
1	8812827	8839227
1	8931993	8934309
1	9089163	9197219
1	9238434	9240988
2	9240988	9243828
3	9243828	9246497
4	9246497	9250000
5	9250000	9255290
6	9255290	9311805
5	9311805	9316595
4	9316595	9319247
2	9319247	9327280
1	9327280	9334995
1	9455825	9457890
2	9457890	9462280
1	9599480	9609584
1	9685183	9688695
1	9748873	9780074
1	10160657	10291453
2	10291453	10292899
5	10292899	10293128
6	10293128	10293467
7	10293467	10296090
5	10296090	10297766
7	10297766	10300533
6	10300533	10300570
5	10300570	10301003
2	10301003	10301596
1	10301596	10374377
2	10374377	10382186
1	10382186	10404835
2	10404835	10405039
3	10405039	10405068
4	10405068	10406366
3	10406366	10406535
2	10406535	10406590
1	10406590	10491480
2	10491480	10493788
1	10493788	10505141
2	10561191	10565784
1	10595781	10627398
2	10627398	10628678
4	10628678	10640184
2	10640184	10642232
3	10642232	10665089
4	10665089	10673019
3	10673019	10677007
4	10677007	10678784
3	10678784	10719453
2	10719453	10782506
1	10782506	10977734
1	11295225	11320952
1	11633148	11636150
1	12066125	12263549
1	12431530	12456055
1	12521755	12641798
2	12641798	12645771
1	12645771	12665988
2	12665988	12666629
3	12666629	12668261
2	12668261	12669219
1	12669219	12694222
2	12694222	12710993
3	12710993	12743457
4	12743457	12756840
5	12756840	12758455
6	12758455	12768450
7	12768450	12769531
9	12769531	12783336
22	12783336	12788507
24	12788507	12789486
25	12789486	12790824
24	12790824	12793128
25	12793128	12793914
27	12793914	12802740
25	12802740	12802943
24	12802943	12805683
23	12805683	12811295
24	12811295	12814713
23	12814713	12815837
24	12815837	12826587
25	12826587	12826893
26	12826893	12831824
27	12831824	12833787
28	12833787	12834675
28	12834675	12836482
25	12836482	12836483
11	12836483	12849694
10	12849694	12858351
11	12858351	12859736
12	12859736	12860137
11	12860137	12871344
10	12871344	12939392
11	12939392	12959729
12	12959729	13064453
11	13064453	13065155
10	13065155	13066951
11	13066951	13068705
10	13068705	13074208
9	13074208	13076386
10	13076386	13081670
11	13081670	13082358
12	13082358	13084889
11	13084889	13092065
10	13092065	13093155
9	13093155	13093905
8	13093905	13101084
9	13101084	13101085
10	13101085	13101308
11	13101308	13108493
10	13108493	13110503
9	13110503	13223981
8	13223981	13226052
7	13226052	13245159
8	13245159	13249634
7	13249634	13300692
6	13300692	13317495
7	13317495	13340609
6	13340609	13345302
7	13345302	13366853
6	13366853	13388473
7	13388473	13388794
6	13388794	13389684
5	13389684	13393618
6	13393618	13404463
5	13404463	13420643
6	13420643	13429749
5	13429749	13566138
6	13566138	13583803
5	13583803	13587686
4	13587686	13609314
5	13609314	13610512
4	13610512	13621823
3	13621823	13635361
4	13635361	13645076
3	13645076	13646732
4	13646732	13649228
3	13649228	13652864
2	13652864	13672044
1	13672044	13749642
1	14157047	14159051
1	14167192	14177669
2	14177669	14242955
1	14242955	14244987
1	14308680	14309425
2	14309425	14309627
3	14309627	14309659
4	14309659	14311417
3	14311417	14311526
2	14311526	14311615
1	14311615	14311766
1	14337190	14339036
1	14551787	14593526
1	15128849	15133915
1	15149071	15151883
1	15361772	15362873
1	15373466	15383249
1	15402847	15423112
1	15458200	15461346
2	15461346	15466253
1	15665011	15669395
2	15669395	15681459
1	15681459	15683808
1	15888573	15967903
1	16000067	16009070
2	16009070	16024928
3	16024928	16027694
2	16027694	16028010
1	16028010	16051776
3	16213047	16219044
5	16219044	16220999
9	16220999	16222299
10	16222299	16230672
9	16230672	16235588
10	16235588	16235848
11	16235848	16236614
12	16236614	16239140
13	16239140	16240718
14	16240718	16240911
15	16240911	16240990
14	16240990	16242802
10	16242802	16244484
9	16244484	16245711
8	16245711	16248854
9	16248854	16249418
8	16249418	16251918
7	16251918	16253169
5	16253169	16256942
4	16256942	16258926
3	16258926	16259904
2	16259904	16261898
1	16261898	16262379
1	16612540	16636920
2	16636920	16660169
3	16660169	16673254
4	16673254	16675616
5	16675616	16681281
7	16681281	16682453
8	16682453	16684183
7	16684183	16684763
6	16684763	16694145
7	16694145	16705187
8	16705187	16720593
7	16720593	16727663
8	16727663	16738731
9	16738731	16758432
10	16758432	16759150
11	16759150	16760883
13	16760883	16764275
11	16764275	16764976
12	16764976	16765080
13	16765080	16765094
12	16765094	16766617
11	16766617	16767863
12	16767863	16771828
13	16771828	16781280
14	16781280	16781677
15	16781677	16782708
14	16782708	16783342
15	16783342	16786714
14	16786714	16788232
13	16788232	16789645
12	16789645	16795829
14	16795829	16806982
13	16806982	16820714
14	16820714	16847039
15	16847039	16869758
14	16869758	16878776
15	16878776	16880179
16	16880179	16882144
17	16882144	16882158
18	16882158	16882680
16	16882680	16884242
17	16884242	16884707
18	16884707	16885111
17	16885111	16885334
16	16885334	16885348
15	16885348	16887326
16	16887326	16890262
15	16890262	16891008
16	16891008	16891707
17	16891707	16896887
16	16896887	16902301
15	16902301	16908818
15	16908818	16914867
14	16914867	16918233
13	16918233	16923823
12	16923823	16925145
11	16925145	16926528
10	16926528	16928609
11	16928609	16955830
10	16955830	16957629
9	16957629	16998245
8	16998245	17049946
9	17049946	17054365
10	17054365	17067069
9	17067069	17067742
10	17067742	17078099
9	17078099	17081919
10	17081919	17087300
11	17087300	17093441
12	17093441	17097845
13	17097845	17102198
12	17102198	17118179
13	17118179	17124754
12	17124754	17126415
13	17126415	17127064
12	17127064	17130584
11	17130584	17134834
10	17134834	17137953
8	17137953	17152562
7	17152562	17153121
6	17153121	17153536
5	17153536	17172314
4	17172314	17180745
3	17180745	17237613
2	17237613	17279980
3	17279980	17322088
2	17322088	17325509
3	17325509	17356568
2	17356568	17357086
1	17357086	17415709
1	17467179	17482320
2	17482320	17486396
1	17486396	17488383
1	17488383	17493999
1	17548102	17548480
2	17548480	17549701
1	17549701	17550349
1	17760550	17775885
1	18154502	18361688
1	20270133	20279673
2	20279673	20280768
3	20280768	20281961
2	20281961	20283272
1	20283272	20315058
1	20473599	20477546
1	21300656	21303960
1	21566164	21608771
2	21608771	21610807
3	21610807	21626890
4	21626890	21654568
5	21654568	21666231
4	21666231	21671935
3	21671935	21679151
2	21679151	21722520
3	21722520	21755407
4	21755407	21761927
5	21761927	21762222
4	21762222	21762973
3	21762973	21815001
2	21815001	21923069
1	21923069	22004531
2	22004531	22004545
3	22004545	22007820
4	22007820	22009930
3	22009930	22009931
2	22009931	22014653
3	22014653	22019664
5	22019664	22039203
4	22039203	22073585
3	22073585	22095108
5	22095108	22180202
6	22180202	22182702
7	22182702	22193098
8	22193098	22195709
7	22195709	22200865
6	22200865	22205018
5	22205018	22209830
4	22209830	22213247
3	22213247	22213608
2	22213608	22219083
1	22219083	22285444
1	22372117	22374433
2	22374433	22379438
1	22472667	22481250
1	22776986	22777074
1	22777074	22777075
2	22777075	22777082
1	22777082	22778172
1	22798842	22954610
2	22954610	23016810
1	23016810	23135997
1	23183977	23211560
1	23317319	23321760
1	23466481	23467647
2	23467647	23473813
3	23473813	23473875
4	23473875	23474298
5	23474298	23475266
6	23475266	23475320
7	23475320	23477590
6	23477590	23477997
5	23477997	23480056
4	23480056	23480300
3	23480300	23481657
2	23481657	23483526
1	23483526	23485360
1	23682227	23683902
1	23763647	23767838
1	23876065	23879493
1	24387442	24392934
2	24392934	24396261
1	24396261	24398896
1	24667583	24687729
1	24768045	24774830
1	24831331	24839597
1	25031013	25031257
2	25031257	25031274
3	25031274	25031290
5	25031290	25031291
6	25031291	25031293
7	25031293	25034095
6	25034095	25034096
5	25034096	25034112
2	25034112	25034166
1	25034166	25034311
1	25318097	25336438
1	25392210	25398468
2	25415444	25445605
4	25445605	25456642
5	25456642	25457932
6	25457932	25458507
7	25458507	25462081
8	25462081	25463365
9	25463365	25464374
10	25464374	25465073
11	25465073	25465715
12	25465715	25482036
13	25482036	25488723
14	25488723	25508084
13	25508084	25510392
14	25510392	25518794
15	25518794	25521045
14	25521045	25534592
13	25534592	25536111
12	25536111	25536138
11	25536138	25536785
10	25536785	25537088
9	25537088	25537445
8	25537445	25538189
9	25538189	25544725
7	25544725	25555299
6	25555299	25559491
5	25559491	25561644
6	25561644	25562767
4	25562767	25566191
3	25566191	25570393
2	25570393	25590811
1	25590811	25611481
1	25961529	25965424
1	26327011	26328474
2	26328474	26341412
1	26341412	26355920
1	26801797	26840153
2	26840153	26843119
3	26843119	26846117
2	26846117	26881991
1	26881991	26884491
1	26999996	27023596
1	27029262	27193580
1	27534822	27604238
1	27644596	27817946
1	28437053	28444819
1	28536220	28545309
2	28545309	28550541
3	28550541	28550978
4	28550978	28555082
3	28555082	28558787
2	28558787	28565842
1	28565842	28568097
1	28580390	28611219
1	28810774	28820198
1	28950199	28952457
1	28980482	29012343
1	29205353	29235370
1	29708903	29740480
1	30117823	30118894
1	30258715	30260927
1	30478922	30514243
1	30806384	30806693
1	30812981	30814475
1	30895173	30897439
1	31449037	31450756
1	31454967	31493043
2	31493043	31494148
1	31494148	31494727
2	31494727	31504561
3	31504561	31507427
4	31507427	31508721
3	31508721	31513729
2	31513729	31734799
3	31734799	31738563
4	31738563	31742864
5	31742864	31742964
6	31742964	31743062
7	31743062	31744131
7	31744131	31746448
6	31746448	31747068
5	31747068	31749022
4	31749022	31749729
3	31749729	31757297
4	31757297	31760159
3	31760159	31765936
2	31765936	31773326
3	31773326	31802980
2	31802980	31811117
3	31811117	31850649
4	31850649	31858544
3	31858544	31861070
2	31861070	31906324
3	31906324	31919351
2	31919351	32129437
1	32129437	32135537
2	32135537	32184713
1	32184713	32221830
2	32221830	32224443
1	32224443	32238918
1	32891848	32896738
1	32949046	32960946
2	32960946	32968932
1	32968932	32974405
1	33093188	33128510
2	33128510	33136682
1	33136682	33152695
1	33248869	33249021
2	33249021	33251399
1	33251399	33251543
1	33251560	33251590
2	33251590	33252709
1	33252709	33252784
2	33252784	33259556
1	33259556	33259567
1	33557214	33569141
2	33569141	33592721
1	33643387	33649647
1	34100866	34183579
1	34193283	34314311
2	34314311	34379570
1	34379570	34697183
1	34849389	34851786
2	34862127	34867574
3	34867574	34870638
4	34870638	34875241
5	34875241	34876909
7	34876909	34877078
6	34877078	34877089
7	34877089	34879856
8	34879856	34880863
5	34880863	34883404
4	34883404	34884075
3	34884075	34887178
1	34887178	34887955
1	35482364	35514250
1	35656892	35666141
1	36376607	36389324
1	36392726	36442938
2	36442938	36447154
1	36447154	36659675
1	37196592	37196734
2	37196734	37198618
1	37198618	37198627
1	37714745	37729963
2	37729963	37747866
1	37747866	37826968
1	37961428	37963212
2	37963212	37965124
1	38414624	38417452
1	38622926	38624937
1	38856803	38859937
1	38901188	38901191
2	38901191	38901325
3	38901325	38907229
4	38907229	38908792
3	38908792	38909659
2	38909659	38909786
1	38909786	38910242
1	39150888	39157686
1	39343798	39351119
1	39561057	39562375
1	39957320	39997730
2	39997730	40079485
1	40079485	40161162
2	40161162	40168129
1	40168129	40276366
2	40276366	40288983
3	40288983	40307654
2	40307654	40311292
3	40311292	40324735
4	40324735	40324944
5	40324944	40326227
4	40326227	40326380
3	40326380	40331835
2	40331835	40433019
1	40433019	40504667
1	40738766	40740139
2	40740139	40742251
1	40742251	40743009
1	40794272	40794563
2	40794563	40799336
1	40799336	40801210
1	41116195	41119794
2	41119794	41119815
5	41119815	41129367
6	41129367	41147029
5	41147029	41147030
2	41147030	41149087
1	41149087	41156425
1	41171348	41172556
1	41236609	41250124
1	43142818	43143142
1	43466652	43468133
1	43689996	43706276
1	43777867	43778515
2	43778515	43831639
3	43831639	43832473
2	43832473	43844653
1	43864440	43866796
1	43868287	43878235
1	44259986	44425691
1	44544896	44720377
1	45568702	45680850
1	45941452	45941819
1	46015346	46024503
1	46092101	46125487
2	46125487	46125569
3	46125569	46130597
2	46130597	46133737
1	46133737	46266047
3	46266047	46273580
2	46273580	46275423
1	46275423	46279011
1	46586130	46592914
1	47486248	47501675
1	47548818	47549941
1	47835937	47837606
1	47947454	47950514
1	48494706	48496264
1	49313712	49320229
1	49701076	49721593
1	50257596	50260873
1	50272848	50321811
1	51798132	51802312
1	52078423	52141200
2	52141200	52187326
1	52187326	52314287
1	52898603	52961730
2	52961730	53061769
1	53061769	53163533
1	53261038	53261152
2	53261152	53262328
1	53262328	53296492
2	53296492	53304705
1	53304705	53308066
2	53308066	53315381
1	53315381	53340309
1	53401403	53403119
1	53418151	53497027
1	53591521	53592861
1	53691140	53773478
2	53773478	53774667
1	53774667	53801824
1	54140841	54142318
1	54350989	54363910
1	54385957	54387727
1	54427443	54436306
1	54832635	54842574
1	54861486	54864797
2	54864797	54864861
3	54864861	54864862
4	54864862	54868555
3	54868555	54868556
2	54868556	54876172
1	54876172	54879213
1	55042239	55074266
2	55074266	55074411
3	55074411	55076209
2	55076209	55078004
1	55078004	55081197
1	55296572	55298884
1	55496405	55497788
1	55620561	55625575
3	55625575	55627403
2	55627403	55633149
1	55633149	55743716
1	56500834	56504268
1	56603427	56603682
2	56603682	56607644
1	56607644	56607840
1	57288465	57320489
2	57320489	57321642
1	57321642	57327168
3	57327168	57329605
2	57329605	57330299
1	57330299	57408242
1	57722008	57723439
1	58494898	58505638
1	58516230	58516462
2	58516462	58516483
3	58516483	58517525
2	58517525	58517588
1	58517588	58517638
1	58568421	58575196
1	58913802	58915189
1	58927985	58929843
1	59099890	59263763
1	59799705	59816510
2	59816510	59819356
3	59819356	59822221
2	59822221	59830867
1	59830867	59844580
1	59878705	59879763
1	59901614	59924564
1	60081647	60085454
1	61732093	61735957
1	61853831	61855212
2	61855212	61856325
1	61856325	61856548
1	61884829	61886002
2	61886002	61886378
3	61886378	61886594
4	61886594	61890775
3	61890775	61891818
2	61891818	61892114
1	61892114	61892933
1	62052182	62168311
2	62168311	62209141
3	62209141	62210460
6	62210460	62211975
7	62211975	62212138
6	62212138	62214376
6	62214376	62215834
3	62215834	62223645
2	62223645	62227023
1	62227023	62290535
1	62425508	62430564
1	62539115	62542475
1	63254630	63258935
1	63477718	63477954
2	63477954	63480744
1	63480744	63480984
1	64449736	64548984
1	64615315	64624133
1	64960097	64965173
1	65769214	65796348
2	65796348	65803176
1	65803176	65807086
1	65813532	65816494
1	65943589	65944594
1	65946538	65946974
2	65946974	65950272
1	65950272	65951791
1	66030426	66041654
1	66601844	66603938
1	66851605	66853397
1	67041230	67054777
2	67054777	67066651
1	67066651	67066731
1	67485262	67565850
2	67565850	67568162
1	67568162	67607550
1	67780356	67781651
1	68349987	68354587
1	69768614	69775243
1	70248382	70339569
1	70894407	70897146
1	71077666	71079337
1	71376291	71406307
1	71621625	71710282
1	72249809	72255233
1	72389150	72394051
2	72394051	72429646
1	72429646	72507579
3	72507579	72514984
4	72514984	72515916
5	72515916	72519167
6	72519167	72523215
5	72523215	72526998
6	72526998	72527759
7	72527759	72528280
8	72528280	72528696
9	72528696	72528701
10	72528701	72535216
11	72535216	72535958
10	72535958	72536259
9	72536259	72536260
8	72536260	72536354
9	72536354	72536662
8	72536662	72536983
9	72536983	72537535
8	72537535	72538468
9	72538468	72538666
10	72538666	72538693
11	72538693	72538803
12	72538803	72538850
13	72538850	72539082
14	72539082	72539171
16	72539171	72540340
19	72540340	72541504
20	72541504	72542017
21	72542017	72549855
20	72549855	72550161
19	72550161	72561278
18	72561278	72578706
17	72578706	72579542
16	72579542	72583736
15	72583736	72584228
13	72584228	72584229
12	72584229	72584603
11	72584603	72584609
10	72584609	72584696
9	72584696	72585667
8	72585667	72586954
7	72586954	72587612
6	72587612	72588822
5	72588822	72592133
4	72592133	72595782
2	72595782	72595974
1	72595974	72698844
1	72784767	72784816
2	72784816	72793831
3	72793831	72856809
2	72856809	72860746
1	72860746	72860767
1	72869688	72887793
1	72954200	73079758
1	73364824	73367621
1	73367621	73373402
1	73385687	73452929
2	73452929	73454531
3	73454531	73483916
2	73483916	73484611
1	73484611	73548272
1	75613443	75615913
2	75615913	75621318
1	75621318	75621564
1	75759492	75774808
2	75774808	75805744
1	75805744	75852969
2	75852969	75855022
1	75855022	75855996
2	75855996	75859509
3	75859509	75866822
4	75866822	75891203
3	75891203	75894326
2	75894326	75929574
1	75929574	75960336
2	76720632	76792185
1	76792185	76792574
1	76942605	76962938
1	77011006	77017115
2	77017115	77065340
1	77065340	77070546
2	77070546	77075473
1	77075473	77077991
1	77104310	77107021
2	77547001	77547460
3	77547460	77547602
4	77547602	77551196
2	77551196	77552420
1	77552420	77561050
1	77605023	77606390
1	78421079	78421855
2	78421855	78432177
1	78432177	78433560
1	78781032	78973179
1	79286032	79358240
1	79405655	79409914
2	79607654	79649623
1	79841670	79866149
2	79866149	79873901
1	79873901	79994370
2	79994370	79994371
3	79994371	79995618
1	79995618	80093606
2	80093606	80345333
1	80345333	80567218
2	80567218	80567966
1	80567966	81038591
2	81038591	81048766
3	81048766	81052898
1	81052898	81154388
2	81154388	81175575
3	81175575	81177315
4	81177315	81177360
5	81177360	81183598
4	81183598	81183618
3	81183618	81183857
2	81183857	81195935
1	81195935	81293960
2	81293960	81306628
1	81306628	81432727
2	81432727	81434147
1	81434147	81616474
1	81660005	81669334
1	81805674	81853674
2	81853674	81892460
1	81892460	81979888
1	82665083	82672074
1	82851559	82898294
2	82898294	82898511
3	82898511	82898546
5	82898546	82898564
6	82898564	82900157
4	82900157	82900175
3	82900175	82900299
2	82900299	82900447
1	82900447	82950167
1	83027351	83030913
1	83074867	83076972
1	83101150	83172925
2	83172925	83274363
3	83274363	83336614
2	83336614	83375945
3	83375945	83390056
4	83390056	83393630
3	83393630	83403829
2	83403829	83495639
3	83495639	83512991
3	83512991	83545170
2	83545170	83618302
3	83618302	83629957
2	83629957	83716816
1	83716816	83780899
1	84007222	84008354
1	84289565	84289702
2	84289702	84289977
3	84289977	84290254
4	84290254	84290484
5	84290484	84290527
6	84290527	84290533
7	84290533	84297220
5	84297220	84297231
4	84297231	84297278
3	84297278	84297495
2	84297495	84297825
1	84297825	84300266
1	84483817	84484350
2	84484350	84484558
3	84484558	84484595
4	84484595	84484742
5	84484742	84488456
4	84488456	84488508
3	84488508	84488532
2	84488532	84488581
1	84488581	84488681
1	84668621	84670569
1	85012152	85013886
1	85314628	85618837
1	85683879	85687990
1	86173303	86173388
2	86173388	86173636
3	86173636	86175057
5	86175057	86176916
4	86176916	86177084
2	86177084	86177299
1	86177299	86177711
1	86476779	86479953
1	86513349	86514535
2	87409982	87412646
1	87493441	87507691
1	87847397	87854193
1	88055598	88075192
1	88089816	88098295
1	89029966	89133108
1	89184656	89248672
2	89248672	89249037
3	89249037	89251025
2	89251025	89251662
1	89251662	89285439
2	89285439	89292763
1	89292763	89333311
1	90592580	90755887
1	91208825	91215100
1	91563464	91573795
1	92004649	92005921
1	92129369	92351832
2	92351832	92352263
1	92352263	92357103
1	92441870	92578217
1	93008619	93014050
1	94020344	94060781
2	94060781	94060904
3	94060904	94060954
4	94060954	94060963
5	94060963	94063617
4	94063617	94063847
3	94063847	94063940
2	94063940	94064085
1	94064085	94065496
1	94176826	94277133
1	94892378	94901134
2	94901134	94901379
3	94901379	94903354
4	94903354	94904517
8	94904517	94906767
9	94906767	94910672
11	94910672	94915316
10	94915316	94923454
11	94923454	94924401
10	94924401	94925850
4	94925850	94926867
3	94926867	94927828
2	94927828	94927987
1	94927987	94931191
1	95268437	95294768
2	95294768	95298755
1	95298755	95469800
2	95469800	95475714
1	95475714	95526143
2	95526143	95527418
1	95527418	95527429
1	95563395	95593001
1	96069014	96078021
1	96188339	96259130
2	96259130	96260923
1	96260923	96297173
2	96297173	96303501
1	96303501	96318702
1	97283457	97284450
1	97680297	97814308
2	97814308	97823244
1	97823244	97873732
1	98282476	98284000
1	98326518	98333214
1	99768413	99937227
1	100132243	100214457
2	100214457	100216125
1	100216125	100270930
1	101756396	101757520
1	101781132	101784062
2	101784062	101786303
1	101786303	101787166
1	102096209	102098748
2	102138728	102144927
3	102144927	102189681
2	102189681	102203222
1	102203222	102207718
1	102223324	102341511
1	102341511	102401197
2	102401197	102420526
3	102420526	102428272
4	102428272	102439976
5	102439976	102569407
4	102569407	102600918
3	102600918	102622567
2	102622567	102635435
1	102635435	102767806
1	103211383	103321085
1	103418204	103427873
1	103519977	103523370
1	103762947	103797425
2	103797425	103904580
3	103904580	103905304
4	103905304	103906493
5	103906493	103907158
8	103907158	103910761
9	103910761	103917322
10	103917322	103920269
9	103920269	103930296
7	103930296	103941067
8	103941067	103956056
9	103956056	103960907
8	103960907	103965256
7	103965256	103979519
9	103979519	103995201
10	103995201	104014104
9	104014104	104094805
8	104094805	104094855
6	104094855	104102680
4	104102680	104112353
5	104112353	104112354
6	104112354	104113235
7	104113235	104113271
6	104113271	104117593
5	104117593	104118077
4	104118077	104131400
3	104131400	104136060
4	104136060	104142502
3	104142502	104144421
2	104144421	104185498
1	104185498	104219709
2	104219709	104221299
1	104221299	104253525
1	104274099	104276563
2	104276563	104279745
3	104279745	104287436
2	104287436	104294811
1	104294811	104294899
1	104426511	104431824
1	104670836	104673009
1	105055522	105056321
2	105056321	105057756
1	105057756	105057888
1	105627084	105634380
2	105634380	105635582
3	105635582	105641635
2	105641635	105647162
1	105647162	105751839
1	105755519	105776578
2	105776578	105783414
1	105783414	105789056
2	105789056	105795754
1	105795754	105806170
2	105806170	105816477
3	105816477	105816667
4	105816667	105817147
5	105817147	105817308
6	105817308	105817324
7	105817324	105817337
8	105817337	105818005
9	105818005	105820367
10	105820367	105820728
11	105820728	105823439
10	105823439	105823898
9	105823898	105824034
8	105824034	105824920
7	105824920	105824952
6	105824952	105824965
5	105824965	105825002
4	105825002	105825154
3	105825154	105825716
2	105825716	105827431
4	105827431	105830601
5	105830601	105839003
6	105839003	105851606
5	105851606	105861577
6	105861577	105864416
5	105864416	105882130
4	105882130	105888503
3	105888503	105915479
3	105915479	105924364
2	105924364	105924888
3	105924888	105936885
4	105936885	105938440
3	105938440	105946185
4	105946185	105952402
5	105952402	105953553
4	105953553	105959460
3	105959460	105964901
4	105964901	105966387
5	105966387	105969819
6	105969819	106000090
3	106000090	106016548
2	106016548	106021418
3	106021418	106025589
2	106025589	106036917
1	106036917	106110789
2	106110789	106116611
1	106116611	106209345
1	106378678	106562085
2	106562085	106580566
3	106580566	106616366
4	106616366	106619049
3	106619049	106621321
2	106621321	106647676
1	106647676	106683105
1	107023241	107025005
1	107175823	107206654
1	107285151	107455508
2	107455508	107458928
3	107458928	107464933
2	107464933	107511243
1	107511243	107642406
1	107691171	107700129
1	108013196	108216400
1	108420397	108514072
2	108514072	108516143
3	108516143	108525759
2	108525759	108528929
3	108528929	108533286
4	108533286	108534656
5	108534656	108534810
6	108534810	108534846
8	108534846	108534848
9	108534848	108534947
11	108534947	108534961
12	108534961	108535758
13	108535758	108538705
10	108538705	108538706
9	108538706	108538774
8	108538774	108538776
7	108538776	108538814
6	108538814	108538892
5	108538892	108538971
4	108538971	108539019
3	108539019	108541028
2	108541028	108541777
1	108541777	108590772
2	108590772	108591939
1	108591939	108593907
2	108593907	108604493
3	108604493	108619360
4	108619360	108654504
3	108654504	108710763
4	108710763	108727420
5	108727420	108728242
4	108728242	108729983
5	108729983	108752274
4	108752274	108778174
3	108778174	108779753
4	108779753	108787720
3	108787720	108791889
2	108791889	108812677
1	108812677	108826536
2	108826536	108827814
1	108827814	108898201
1	109142222	109168396
2	109168396	109169467
5	109169467	109169550
6	109169550	109173397
4	109173397	109173449
3	109173449	109173634
2	109173634	109178806
1	109178806	109184766
2	109217748	109267586
1	109267586	109268856
2	109268856	109270231
1	109270231	109298377
2	109298377	109299668
1	109299668	109370160
2	109370160	109374706
3	109374706	109376814
2	109376814	109380182
1	109380182	109463759
1	109490837	109556481
1	109583560	109606169
2	109606169	109620053
1	109620053	109627659
1	109954441	109970612
2	109970612	109979751
3	109979751	109982783
4	109982783	109988334
5	109988334	109988386
6	109988386	109988741
7	109988741	109988772
8	109988772	109989689
7	109989689	109990027
6	109990027	109992972
5	109992972	109993086
4	109993086	109994124
3	109994124	109999446
2	109999446	109999961
1	109999961	110006486
1	110019656	110020757
2	110020757	110023298
3	110023298	110025520
5	110025520	110025907
6	110025907	110030105
7	110030105	110030649
8	110030649	110030979
7	110030979	110033049
8	110033049	110035790
9	110035790	110037055
8	110037055	110041457
7	110041457	110042911
6	110042911	110044476
5	110044476	110054404
3	110054404	110057325
2	110057325	110058541
1	110058541	110059006
1	110703607	110704378
1	110756363	110759664
1	110831091	110838240
2	111142680	111170391
3	111170391	111173115
4	111173115	111173167
6	111173167	111175886
7	111175886	111176350
9	111176350	111178296
10	111178296	111179088
11	111179088	111180121
12	111180121	111180501
18	111180501	111180773
19	111180773	111182243
18	111182243	111184586
16	111184586	111187872
15	111187872	111189246
7	111189246	111189600
6	111189600	111189735
5	111189735	111189749
4	111189749	111190290
3	111190290	111193633
2	111193633	111194582
1	111194582	111196092
1	111551934	111587587
1	111588918	111596256
1	111625374	111629849
2	111629849	111631018
3	111631018	111633814
2	111633814	111636507
1	111636507	111637017
1	111730660	111732439
4	111732439	111734674
3	111734674	111734750
2	111734750	111735827
1	111777127	111784755
1	112396182	112487442
2	112487442	112490979
3	112490979	112491625
5	112491625	112493274
6	112493274	112493657
7	112493657	112495870
8	112495870	112496617
9	112496617	112497200
10	112497200	112497782
11	112497782	112498913
10	112498913	112505805
9	112505805	112505904
8	112505904	112506339
7	112506339	112506348
6	112506348	112506352
5	112506352	112512047
4	112512047	112512823
2	112512823	112516321
1	112516321	112594062
1	112636628	112639206
1	112793533	112796480
1	112958658	113048153
2	113048153	113065234
3	113065234	113236341
2	113236341	113251567
3	113251567	113304968
2	113304968	113343812
2	113343812	113409780
3	113409780	113411786
4	113411786	113412759
5	113412759	113412863
6	113412863	113415300
5	113415300	113415317
4	113415317	113416967
3	113416967	113417817
2	113417817	113689017
3	113689017	113690049
2	113690049	113839225
3	113839225	113841108
4	113841108	113847608
3	113847608	113847610
2	113847610	113884455
3	113884455	113897620
2	113897620	114068341
3	114068341	114072796
2	114072796	114245635
3	114245635	114247761
2	114247761	114609082
4	114609082	114610154
2	114610154	115525218
3	115525218	115529471
4	115529471	115681450
5	115681450	115686021
4	115686021	115870562
3	115870562	115969481
2	115969481	116030772
3	116030772	116034602
2	116034602	116344127
3	116344127	116364486
2	116364486	116500791
1	116500791	116542895
1	116778663	116781171
1	116781171	116791664
1	116927828	116961521
3	116961521	116966438
4	116966438	116970419
5	116970419	117004368
4	117004368	117005074
3	117005074	117005075
2	117005075	117076198
1	117076198	117128034
1	117682003	117683406
1	117811591	117815812
1	117968996	117970228
1	118228296	118547581
1	118721481	118726986
1	119030780	119183750
1	119383460	119390866
1	119553635	119814298
2	119814298	119815334
1	119815334	119818219
2	119818219	119873987
3	119873987	119874484
2	119874484	119892957
3	119892957	119900184
4	119900184	119911627
5	119911627	119916400
6	119916400	119916907
7	119916907	119917455
8	119917455	119924702
9	119924702	119924945
11	119924945	119928513
10	119928513	119929020
8	119929020	119937056
7	119937056	119941185
6	119941185	119947406
5	119947406	119951038
4	119951038	119955252
3	119955252	119956126
2	119956126	119963965
1	119963965	120016100
2	120067972	120068836
3	120068836	120115614
2	120115614	120189801
3	120189801	120192437
4	120192437	120207516
3	120207516	120249992
2	120249992	120332743
3	120332743	120335637
2	120335637	120349939
3	120349939	120352967
2	120352967	120432023
1	120432023	120436583
2	120436583	120493487
1	120493487	120568788
2	120568788	120614627
3	120614627	120615785
2	120615785	120616494
3	120616494	120619167
2	120619167	120619212
3	120619212	120621580
2	120621580	120671324
1	120671324	120689195
2	120689195	120697970
1	120697970	120712250
2	120712250	120727975
3	120727975	120734056
2	120734056	120789515
3	120789515	120807513
2	120807513	120866130
3	120866130	120874363
5	120874363	120875167
4	120875167	120902013
5	120902013	120992603
3	120992603	121013322
1	121013322	121047873
1	121055666	121056661
2	121056661	121057269
3	121057269	121057655
2	121057655	121058981
1	121058981	121059540
2	121059540	121061611
1	121061611	121087887
1	121143962	121176554
2	121176554	121180116
3	121180116	121184913
2	121184913	121184933
3	121184933	121184934
2	121184934	121185222
1	121185222	121185357
1	121185923	121186433
2	121186433	121186440
3	121186440	121186645
2	121186645	121186651
1	121186651	121186957
1	140903396	141477000
2	141477000	141477029
3	141477029	141479031
2	141479031	141479777
3	141479777	141481606
4	141481606	141481781
5	141481781	141482467
4	141482467	141482609
3	141482609	141482849
2	141482849	141482868
3	141482868	141483201
4	141483201	141483808
3	141483808	141528150
4	141528150	141663628
5	141663628	141726101
6	141726101	141732168
7	141732168	141749558
6	141749558	141759855
5	141759855	141765769
4	141765769	141822864
5	141822864	141830585
6	141830585	141861400
5	141861400	141883055
6	141883055	141884073
5	141884073	141905037
4	141905037	141906719
3	141906719	141962727
2	141962727	141963731
1	141963731	142096907
1	142097726	142099955
1	142121960	142122059
2	142122059	142122066
3	142122066	142122088
4	142122088	142123239
3	142123239	142123252
2	142123252	142123319
1	142123319	142206285
2	142206285	142293439
1	142293439	142356882
1	142642781	142643380
2	142643380	142645745
1	142645745	142645790
2	142645790	142646350
3	142646350	142648614
2	142648614	142653784
3	142653784	142654816
2	142654816	142690296
3	142690296	142702981
4	142702981	142706562
3	142706562	142720009
4	142720009	142720164
3	142720164	142736050
4	142736050	142785224
3	142785224	142804543
2	142804543	143001289
3	143001289	143002711
2	143002711	143026080
3	143026080	143034396
4	143034396	143111804
3	143111804	143164104
2	143164104	143172711
3	143172711	143176217
2	143176217	143180903
3	143180903	143182946
2	143182946	143214424
3	143214424	143233902
2	143233902	143327178
3	143327178	143527303
2	143527303	143534835
3	143534835	143539333
2	143539333	143586336
4	143586336	143597265
5	143597265	143597874
6	143597874	143600167
5	143600167	143605384
6	143605384	143606731
5	143606731	143606795
6	143606795	143607406
7	143607406	143607552
8	143607552	143607629
9	143607629	143607654
10	143607654	143612403
9	143612403	143612409
8	143612409	143612418
9	143612418	143612530
8	143612530	143612537
9	143612537	143612539
10	143612539	143618166
9	143618166	143618198
8	143618198	143618398
7	143618398	143618587
6	143618587	143619364
5	143619364	143624905
3	143624905	143631375
4	143631375	143661417
5	143661417	143665704
6	143665704	143665712
7	143665712	143666778
6	143666778	143673834
8	143673834	143782866
9	143782866	143790285
10	143790285	143791088
9	143791088	143791172
8	143791172	143791318
6	143791318	143791479
7	143791479	143791860
6	143791860	143802497
7	143802497	143804075
8	143804075	143804233
9	143804233	143804306
10	143804306	143804308
11	143804308	143807163
10	143807163	143808376
9	143808376	143808439
8	143808439	143808446
7	143808446	143808689
6	143808689	143808992
5	143808992	143815877
4	143815877	143828853
5	143828853	143834992
6	143834992	143852300
7	143852300	143864903
8	143864903	143883975
7	143883975	143900678
8	143900678	143900896
9	143900896	143900899
8	143900899	143903675
7	143903675	143921702
8	143921702	143923567
7	143923567	143929761
6	143929761	143971149
7	143971149	143981311
8	143981311	143984336
7	143984336	143993758
8	143993758	143999773
7	143999773	144002313
8	144002313	144005452
9	144005452	144005845
10	144005845	144005888
11	144005888	144011561
10	144011561	144020182
9	144020182	144023135
10	144023135	144036453
12	144036453	144041631
13	144041631	144052078
14	144052078	144053415
13	144053415	144061077
15	144061077	144068232
14	144068232	144068323
12	144068323	144071446
13	144071446	144072602
12	144072602	144073244
13	144073244	144073252
14	144073252	144073256
15	144073256	144074795
16	144074795	144076115
17	144076115	144077671
16	144077671	144077829
15	144077829	144077969
11	144077969	144080861
10	144080861	144083768
9	144083768	144087434
8	144087434	144091155
6	144091155	144097032
5	144097032	144104827
4	144104827	144106312
5	144106312	144145847
6	144145847	144147262
5	144147262	144162829
4	144162829	144183079
5	144183079	144183242
6	144183242	144185322
5	144185322	144186098
4	144186098	144194710
3	144194710	144244532
4	144244532	144255274
3	144255274	144272574
4	144272574	144273821
3	144273821	144308473
5	144308473	144320665
4	144320665	144321567
5	144321567	144337336
8	144337336	144337623
9	144337623	144339527
10	144339527	144458820
4	144458820	144479874
3	144479874	144516065
2	144516065	144543331
3	144543331	144594476
4	144594476	144653806
5	144653806	144655104
4	144655104	144692908
5	144692908	144701906
4	144701906	144724627
2	144724627	144746063
4	144746063	144750307
2	144750307	144761130
3	144761130	144767356
2	144767356	144787864
3	144787864	144791608
2	144791608	144799120
3	144799120	144800125
2	144800125	144872494
3	144872494	144936477
2	144936477	145128642
3	145128642	145136068
2	145136068	145161546
3	145161546	145164166
2	145164166	145301974
1	145301974	145312377
2	145312377	145315276
1	145315276	145351618
2	145351618	145360178
3	145360178	145393985
2	145393985	145550490
1	145550490	145708347
2	145708347	145858228
1	145858228	145950785
2	145950785	145952082
1	145952082	146097096
2	146097096	146106370
1	146106370	146151735
2	146151735	146202411
3	146202411	146216835
4	146216835	146219055
5	146219055	146219746
6	146219746	146221065
5	146221065	146221411
6	146221411	146240568
7	146240568	146242375
6	146242375	146256205
5	146256205	146259198
4	146259198	146268901
5	146268901	146273899
6	146273899	146275557
5	146275557	146276990
6	146276990	146280890
5	146280890	146288629
6	146288629	146292286
7	146292286	146293282
10	146293282	146323728
11	146323728	146326537
10	146326537	146380603
11	146380603	146442922
12	146442922	146462600
11	146462600	146470213
12	146470213	146473822
11	146473822	146476038
13	146476038	146477425
11	146477425	146483061
10	146483061	146578326
11	146578326	146719169
10	146719169	146780429
11	146780429	146825987
12	146825987	146855968
14	146855968	146860454
12	146860454	146862821
13	146862821	146905437
12	146905437	147017157
13	147017157	147018012
15	147018012	147022498
13	147022498	147024865
14	147024865	147056085
13	147056085	147067757
12	147067757	147115262
13	147115262	147116762
12	147116762	147119727
13	147119727	147162330
14	147162330	147169636
13	147169636	147194354
14	147194354	147200047
13	147200047	147217833
12	147217833	147298290
11	147298290	147302889
12	147302889	147303148
13	147303148	147305744
30	147305744	147306690
33	147306690	147308446
34	147308446	147311729
32	147311729	147314918
33	147314918	147327306
32	147327306	147331145
30	147331145	147333923
33	147333923	147356586
32	147356586	147375745
33	147375745	147377167
33	147377167	147382788
32	147382788	147387670
31	147387670	147390776
32	147390776	147392563
31	147392563	147404137
32	147404137	147411558
31	147411558	147414362
30	147414362	147421972
29	147421972	147425688
28	147425688	147427061
24	147427061	147467750
25	147467750	147478120
18	147478120	147484617
18	147484617	147495710
19	147495710	147505129
18	147505129	147507662
18	147507662	147509945
16	147509945	147521567
15	147521567	147522032
14	147522032	147526040
13	147526040	147588154
12	147588154	147593087
13	147593087	147595560
14	147595560	147599388
13	147599388	147700280
12	147700280	147858378
11	147858378	147907267
12	147907267	147913428
13	147913428	147920576
14	147920576	147927313
13	147927313	147941416
12	147941416	147955478
13	147955478	147972372
14	147972372	147979384
13	147979384	147980066
14	147980066	147980523
11	147980523	147981074
12	147981074	147981078
13	147981078	147982309
12	147982309	147984910
11	147984910	147984915
10	147984915	147986333
9	147986333	148007267
8	148007267	148017945
9	148017945	148020061
8	148020061	148039974
6	148039974	148041560
7	148041560	148081544
8	148081544	148082160
7	148082160	148087465
6	148087465	148087614
5	148087614	148088263
6	148088263	148102904
5	148102904	148119731
4	148119731	148133136
3	148133136	148142748
2	148142748	148257137
1	148257137	148262603
1	148936576	148940308
1	148945534	148947612
1	149010116	149031900
2	149031900	149039294
1	149039294	149059240
1	149507166	149585357
2	149585357	149595418
3	149595418	149599791
6	149599791	149599962
7	149599962	149603323
8	149603323	149611327
7	149611327	149664502
6	149664502	149671472
4	149671472	149674329
3	149674329	149678259
1	149678259	149679804
1	150056233	150063393
1	150346613	150350663
1	150445059	150449799
3	150449799	150452330
4	150452330	150452906
6	150452906	150453772
5	150453772	150453775
3	150453775	150453878
2	150453878	150454544
3	150454544	150457364
2	150457364	150458231
1	150480555	150490330
1	150529970	150547363
2	150547363	150550238
1	150550238	150551253
1	150643334	150657076
1	150720293	150739463
2	150739463	150776972
3	150776972	150796456
5	150796456	150797134
7	150797134	150803384
8	150803384	150810642
9	150810642	150812266
10	150812266	150816580
12	150816580	150816893
13	150816893	150819989
8	150819989	150821592
9	150821592	150821800
10	150821800	150821805
11	150821805	150822167
12	150822167	150822330
13	150822330	150822589
15	150822589	150823073
16	150823073	150824684
17	150824684	150828032
16	150828032	150835102
17	150835102	150838890
16	150838890	150839696
17	150839696	150847144
16	150847144	150850302
15	150850302	150852631
14	150852631	150852905
13	150852905	150853218
12	150853218	150853342
11	150853342	150854366
10	150854366	150854502
9	150854502	150855544
8	150855544	150857766
7	150857766	150866359
6	150866359	150869600
5	150869600	150875096
3	150875096	150910842
4	150910842	150912972
3	150912972	150915469
4	150915469	150915515
5	150915515	150915736
6	150915736	150923166
5	150923166	150924163
4	150924163	150924934
3	150924934	150927551
2	150927551	150938537
3	150938537	150938629
4	150938629	150949332
5	150949332	151001420
4	151001420	151005850
3	151005850	151013059
5	151013059	151023430
4	151023430	151025776
5	151025776	151025966
6	151025966	151026496
7	151026496	151027011
8	151027011	151027733
9	151027733	151027995
10	151027995	151028547
11	151028547	151030779
12	151030779	151033105
11	151033105	151035324
10	151035324	151036431
9	151036431	151036463
7	151036463	151036980
6	151036980	151039071
5	151039071	151040222
3	151040222	151041038
2	151041038	151042150
1	151042150	151164777
1	151551932	151569690
2	151569690	151588145
1	151588145	151607803
1	151677134	151685619
1	151940298	151954284
2	151954284	151959872
1	151959872	151960688
1	151981612	151983167
1	152018763	152020349
2	152020349	152022707
3	152022707	152040053
1	152347532	152351311
1	152777660	152779607
1	152855287	152857235
1	153084977	153149168
1	153361602	153361603
2	153361603	153412761
3	153412761	153422551
2	153422551	153448723
3	153448723	153450569
2	153450569	153451033
3	153451033	153455784
4	153455784	153461604
5	153461604	153464086
4	153464086	153467684
3	153467684	153468579
4	153468579	153470618
3	153470618	153471710
2	153471710	153473679
3	153473679	153480482
2	153480482	153489907
3	153489907	153502429
5	153502429	153508303
3	153508303	153511518
5	153511518	153514946
3	153514946	153541655
2	153541655	153581431
1	153581431	153920459
2	153920459	153923318
3	153923318	153927851
4	153927851	153929981
3	153929981	153938196
2	153938196	153940133
1	153940133	154184585
1	154792346	154793094
2	154793094	154793297
3	154793297	154793347
5	154793347	154793352
6	154793352	154795558
5	154795558	154795578
3	154795578	154795636
2	154795636	154795797
1	154795797	154795835
1	154996956	155003668
1	155440245	155442221
1	155978387	155980396
1	156308318	156309570
1	156491449	156503686
1	156783620	156783977
3	156783977	156785563
4	156785563	156786829
5	156786829	156787041
4	156787041	156788016
1	156993464	156994771
1	157133925	157133963
2	157133963	157134135
3	157134135	157134150
4	157134150	157134154
5	157134154	157134155
6	157134155	157134158
7	157134158	157136605
4	157136605	157136608
3	157136608	157136615
2	157136615	157136708
1	157136708	157136752
1	157221997	157227761
2	157227761	157227826
3	157227826	157227938
4	157227938	157232827
3	157232827	157233464
2	157233464	157233914
1	157233914	157253192
1	157278956	157283420
1	157915081	157915204
2	157915204	157915303
3	157915303	157916305
2	157916305	157916336
1	157916336	157916524
1	158418318	158419818
1	158929056	158941968
1	159428462	159438144
1	159610879	159658059
2	159658059	159669654
3	159669654	159672939
4	159672939	159678135
5	159678135	159679236
6	159679236	159680037
7	159680037	159686683
8	159686683	159690724
7	159690724	159694090
6	159694090	159717869
5	159717869	159718340
4	159718340	159730122
5	159730122	159732817
4	159732817	159745304
5	159745304	159745305
6	159745305	159749902
7	159749902	159758182
8	159758182	159761664
9	159761664	159761845
10	159761845	159767935
11	159767935	159769570
10	159769570	159777717
13	159777717	159778034
14	159778034	159789853
15	159789853	159821663
14	159821663	159831229
15	159831229	159831257
16	159831257	159832916
15	159832916	159845486
14	159845486	159884140
12	159884140	159887552
13	159887552	159890629
12	159890629	159899278
11	159899278	159901749
10	159901749	159905010
9	159905010	159906183
8	159906183	159912627
7	159912627	159913343
6	159913343	159913394
5	159913394	159913448
4	159913448	159933356
3	159933356	159940306
2	159940306	159948176
1	159948176	160241240
2	160241240	160331092
3	160331092	160342772
4	160342772	160343145
5	160343145	160344771
4	160344771	160346951
3	160346951	160355955
4	160355955	160374743
5	160374743	160406966
6	160406966	160422610
8	160422610	160435892
9	160435892	160440019
7	160440019	160445771
6	160445771	160450417
5	160450417	160506331
6	160506331	160539290
5	160539290	160575903
6	160575903	160578607
5	160578607	160612442
4	160612442	160619569
5	160619569	160620836
4	160620836	160626632
3	160626632	160643940
2	160643940	160743792
3	160743792	160745458
2	160745458	160769980
1	160769980	161141819
2	161153719	161154043
3	161154043	161156130
1	161156130	161159900
1	161574673	161581055
1	162113502	162168880
2	162168880	162171777
1	162171777	162330459
1	162504226	162527361
2	162527361	162530434
1	162530434	162589049
1	162647580	162655215
1	163684150	163688498
2	163688498	163688616
3	163688616	163690699
2	163690699	163690794
1	163690794	163692160
1	163808794	163826002
1	163915533	163917071
1	164052127	164064590
2	164064590	164078353
1	164097752	164106356
1	164170586	164180398
1	164442179	164451105
2	164451105	164453091
3	164453091	164457262
2	164457262	164458301
1	164458301	164460994
1	164635080	164638013
1	164758503	164810166
2	164810166	164812966
3	164812966	164868402
2	164868402	164884225
1	164884225	164917609
1	165025361	165033674
1	165220490	165430385
2	165430385	165430710
3	165430710	165431430
4	165431430	165432538
5	165432538	165432984
4	165432984	165434173
5	165434173	165443534
4	165443534	165446966
3	165446966	165447415
2	165447415	165447752
1	165447752	165459990
1	166061707	166290929
2	166290929	166291183
3	166291183	166291198
4	166291198	166291201
5	166291201	166292356
4	166292356	166292360
3	166292360	166292371
2	166292371	166292593
1	166292593	166355739
2	166355739	166358038
1	166358038	166445800
2	166445800	166456848
1	166456848	166604693
2	166604693	166609973
1	166609973	166619686
1	166693627	166695474
1	167114988	167155209
1	167270838	167278445
1	167488547	167493797
2	167493797	167495768
7	167495768	167498166
8	167498166	167500598
9	167500598	167506708
3	167506708	167507911
2	167507911	167508390
1	167508390	167514350
1	167843192	167847882
1	167874342	167880013
1	168048630	168151810
1	168581705	168634270
2	168634270	168638027
3	168638027	168647104
2	168647104	168653829
1	168653829	168679916
1	170952312	170991363
1	171075068	171076391
1	171535047	171748780
1	172077265	172131569
2	172131569	172132666
1	172132666	172222566
2	172735904	172836399
1	173060767	173063179
3	173063179	173063389
4	173063389	173064490
11	173064490	173067495
10	173067495	173068211
9	173068211	173068262
2	173068262	173068463
1	173068463	173068467
1	173313035	173361029
1	173466974	173468519
1	173496254	173673926
1	173695580	173713206
2	173713206	174027375
1	174027375	174176624
1	174297609	174402368
2	174402368	174405158
1	174405158	174457198
1	174503382	174506423
1	174849961	174857914
2	174857914	174871187
1	174871187	174881366
1	176730214	176738117
1	176821807	176827109
1	176916511	176924205
2	176924205	176924899
1	176924899	176926033
2	176926033	176926556
5	176926556	176926933
6	176926933	176928252
7	176928252	176940697
1	176940697	176940811
1	177220369	177243352
1	177511282	177512932
1	177595331	177597151
2	177597151	177599938
1	177599938	177611528
1	177836523	177850224
1	177989461	177990945
1	178211524	178338610
1	178395125	178539031
2	178539031	178540561
1	178540561	178602163
1	179007836	179013423
2	179013423	179032334
1	179032334	179046936
1	179871788	179878664
1	181054074	181063378
1	181417109	181418317
1	182046713	182051688
2	182051688	182052162
1	182052162	182228470
1	182411618	182425419
1	183065293	183081113
2	183081113	183081352
3	183081352	183081355
4	183081355	183081366
5	183081366	183081367
6	183081367	183087405
5	183087405	183087407
4	183087407	183087422
2	183087422	183087451
1	183087451	183101199
1	183276164	183278578
1	183559820	183587975
2	183587975	183591244
1	183591244	183612394
1	184050339	184051921
1	185336978	185379909
2	185379909	185393300
1	185393300	185564993
2	185564993	185567314
1	185567314	185731223
2	185731223	185733098
3	185733098	185733352
2	185733352	185733577
1	185733577	185839646
4	185839646	185842009
3	185842009	185847926
1	185847926	185860265
2	185860265	185863517
1	185863517	185912515
2	185912515	185972752
3	185972752	185981956
4	185981956	185982727
5	185982727	185989155
4	185989155	185990377
3	185990377	185991078
2	185991078	186021648
1	186021648	186138955
2	186138955	186152482
1	186152482	186206616
2	186206616	186213763
1	186213763	186256217
1	186805826	186807091
1	186838019	186914210
1	187001959	187117397
2	187117397	187149660
1	187149660	187233979
1	187261219	187293847
2	187293847	187294778
4	187294778	187295821
2	187295821	187297986
1	187297986	187320829
2	187320829	187330954
3	187330954	187353623
4	187353623	187353840
6	187353840	187356191
4	187356191	187359115
3	187359115	187394747
2	187394747	187448048
3	187448048	187505288
2	187505288	187510791
3	187510791	187513156
4	187513156	187513215
3	187513215	187584244
5	187584244	187592364
6	187592364	187592657
7	187592657	187593758
8	187593758	187604620
7	187604620	187615085
8	187615085	187617323
10	187617323	187715199
11	187715199	187719766
10	187719766	187745063
9	187745063	187803966
8	187803966	187809352
7	187809352	187810199
4	187810199	187810478
3	187810478	187823580
2	187823580	187835170
1	187835170	187884674
2	187884674	187886002
1	187886002	187915951
1	187967807	187978794
3	187978794	187984282
4	187984282	188003456
5	188003456	188031476
6	188031476	188036884
5	188036884	188037441
7	188037441	188038628
8	188038628	188039770
7	188039770	188042398
6	188042398	188043864
4	188043864	188046088
5	188046088	188048192
3	188048192	188052547
2	188052547	188057595
3	188057595	188072141
2	188072141	188077261
1	188077261	188086110
1	188102143	188145217
1	188225729	188236966
2	188236966	188236989
3	188236989	188243174
4	188243174	188250190
3	188250190	188251966
2	188251966	188253049
1	188253049	188261835
1	188264680	188318734
1	188319283	188320503
1	188700036	188762630
1	188925052	188954476
1	188981294	189134568
1	189590608	189597774
1	189616237	189638488
1	189726451	189888415
1	189983338	189983668
2	189983668	189986050
3	189986050	189988086
2	189988086	189992781
1	189992781	189993306
1	190039595	190044143
2	190044143	190065587
3	190065587	190092375
2	190092375	190095692
3	190095692	190102939
8	190102939	190107549
9	190107549	190116387
10	190116387	190133873
9	190133873	190133875
6	190133875	190134702
5	190134702	190134703
2	190134703	190142375
1	190183023	190183066
2	190183066	190185251
1	190185251	190185283
1	190472655	190481687
1	190837330	190838734
1	191147324	191154968
1	191243080	191271509
1	191781794	191782684
1	191892800	191897200
2	191897200	191898151
3	191898151	191900885
2	191900885	191927641
3	191927641	191929899
4	191929899	191976819
1	191976819	191976999
1	192265651	192266862
1	192717156	192721514
1	192905254	192905573
1	193069200	193074564
2	193204702	193209527
1	193209527	193213877
1	193271678	193280600
2	193280600	193285727
1	193285727	193285922
1	193433534	193489203
2	193489203	193514061
3	193514061	193522550
4	193522550	193547047
3	193547047	193570098
2	193570098	193653520
1	193653520	193676328
2	193676328	193677235
3	193677235	193680033
2	193680033	193682368
1	193682368	193846835
1	194070387	194070767
2	194070767	194075326
3	194075326	194082752
2	194082752	194097653
4	194097653	194099918
5	194099918	194101609
4	194101609	194111012
3	194111012	194119842
4	194119842	194121185
5	194121185	194122648
4	194122648	194138918
1	194138918	194140966
2	194140966	194157865
3	194157865	194168299
4	194168299	194254531
5	194254531	194286966
4	194286966	194287158
3	194287158	194288166
2	194288166	194386077
1	194386077	194454288
1	194526471	194685639
1	194857460	194908856
2	194908856	194918455
3	194918455	194926884
1	194926884	194936135
3	194936135	194975846
4	194975846	194977757
5	194977757	194978246
6	194978246	194983118
7	194983118	194983337
8	194983337	194984098
9	194984098	194986902
10	194986902	194988264
11	194988264	194988479
12	194988479	194993072
13	194993072	194997658
14	194997658	194997771
17	194997771	194997796
18	194997796	194999756
19	194999756	195004814
20	195004814	195005520
21	195005520	195005549
22	195005549	195006454
23	195006454	195025053
22	195025053	195031211
23	195031211	195031966
24	195031966	195059832
25	195059832	195060951
26	195060951	195062807
25	195062807	195063101
27	195063101	195066235
26	195066235	195068235
27	195068235	195068695
26	195068695	195075439
25	195075439	195078925
24	195078925	195080687
23	195080687	195081319
22	195081319	195082994
20	195082994	195089556
19	195089556	195089652
21	195089652	195089653
29	195089653	195089856
28	195089856	195089940
29	195089940	195089966
30	195089966	195092486
33	195092486	195100122
32	195100122	195100653
31	195100653	195129192
30	195129192	195133856
28	195133856	195148205
29	195148205	195153393
27	195153393	195160949
25	195160949	195163711
19	195163711	195165287
18	195165287	195168372
17	195168372	195168376
13	195168376	195182982
12	195182982	195185070
11	195185070	195186581
10	195186581	195186771
9	195186771	195187683
8	195187683	195193635
7	195193635	195199868
6	195199868	195212037
7	195212037	195220008
6	195220008	195221853
4	195221853	195228425
3	195228425	195244422
4	195244422	195274102
3	195274102	195278200
2	195278200	195332697
1	195332697	195436395
1	195738086	195766887
2	195766887	195767107
3	195767107	195767131
4	195767131	195767139
5	195767139	195767143
6	195767143	195769894
5	195769894	195769897
4	195769897	195769906
3	195769906	195769966
2	195769966	195770144
1	195770144	195778020
1	195882014	195968848
1	196023411	196024627
1	196569006	196571017
2	196571017	196577117
1	196577117	196582349
1	196738880	196739236
3	196739236	196740259
4	196740259	196740977
5	196740977	196741716
6	196741716	196741875
7	196741875	196742448
7	196742448	196743944
6	196743944	196750332
5	196750332	196751817
4	196751817	196754444
3	196754444	196754612
1	196754612	196765231
1	196887052	196896230
1	197040116	197040309
2	197040309	197040336
3	197040336	197040372
4	197040372	197041904
3	197041904	197042037
2	197042037	197042136
1	197042136	197042300
1	197215222	197223208
1	197295301	197320763
2	197320763	197365481
1	197378049	197380463
1	197705075	197705327
2	197705327	197705368
3	197705368	197706854
2	197706854	197706985
1	197706985	197707100
1	197808393	197812030
1	198365160	198371615
1	198774133	198863600
1	198924789	198934596
1	199093796	199262355
1	199345711	199348566
3	199479459	199481377
2	199481377	199483771
1	199488425	199489541
1	199784793	199835239
1	199903347	199934485
1	200182977	200188892
1	200200378	200203268
1	200244450	200253041
1	200743271	200767732
2	200767732	200813724
1	200813724	200834012
2	200834012	200910134
3	200910134	200935187
2	200935187	200948830
1	200948830	200990829
2	202036514	202053826
1	202053826	202067049
1	202154269	202156525
1	202204481	202212021
1	202581889	202581978
2	202581978	202583639
1	202583639	202583716
1	202589558	202621867
1	202667406	202670282
1	203284665	203286029
1	203444971	203445653
1	203765769	203767389
1	204186230	204407370
1	204766250	204775640
1	204922611	204924040
2	204924040	204925806
1	204925806	205013599
2	205013599	205035920
1	205035920	205124381
1	205358882	205358968
2	205358968	205359997
1	205359997	205360051
1	205607052	205608586
2	205608586	205608619
3	205608619	205608658
4	205608658	205612187
3	205612187	205612231
2	205612231	205612259
1	205612259	205612772
1	205624502	205763497
3	205763497	205763570
4	205763570	205764096
5	205764096	205765349
6	205765349	205784356
7	205784356	205785706
8	205785706	205803247
9	205803247	205804262
8	205804262	205804943
7	205804943	205805949
5	205805949	205807156
4	205807156	205814725
3	205814725	205817763
1	205817763	205888722
2	205888722	205894247
1	205894247	205908611
2	205908611	205913262
1	205913262	205938851
2	205938851	205940118
1	205940118	205991690
1	206299457	206323920
1	206365585	206492294
2	206492294	206492331
3	206492331	206510145
5	206510145	206512423
6	206512423	206512982
7	206512982	206521228
6	206521228	206521802
4	206521802	206523545
3	206523545	206526434
2	206526434	206526445
1	206526445	206563741
1	206840755	206884716
1	207188300	207192596
1	208137197	208138178
2	208138178	208142224
3	208142224	208142236
4	208142236	208143485
5	208143485	208143946
6	208143946	208144437
7	208144437	208144677
8	208144677	208144679
9	208144679	208148236
10	208148236	208150607
9	208150607	208152594
8	208152594	208152598
7	208152598	208152620
6	208152620	208152798
5	208152798	208154268
4	208154268	208160874
3	208160874	208163033
2	208163033	208165120
1	208165120	208167406
1	208325276	208370942
1	208540737	208628704
1	208646146	208670753
4	208670753	208671369
5	208671369	208674614
4	208674614	208679147
3	208679147	208680239
1	208680239	208687402
1	208788822	208788866
2	208788866	208788878
3	208788878	208788882
4	208788882	208791631
3	208791631	208791691
2	208791691	208791764
1	208791764	208793886
1	208869521	208885992
2	208885992	208887499
3	208887499	208893959
3	208893959	208900726
2	208900726	208902064
1	208902064	208916934
1	209435916	209437112
1	209516178	209520373
1	210537527	210537758
2	210537758	210537759
3	210537759	210537776
5	210537776	210537777
6	210537777	210537779
7	210537779	210539239
5	210539239	210539240
4	210539240	210539257
1	210539257	210539486
1	210714766	210722750
2	210722750	210723884
1	210723884	210766559
2	210766559	210770545
1	210770545	210909726
1	210913883	210921385
1	210992052	210992869
2	210992869	210994734
1	210994734	211069443
2	211069443	211071638
3	211071638	211072687
4	211072687	211073020
3	211073020	211076120
2	211076120	211077059
1	211077059	211080005
1	211712467	211718771
1	212625281	212626674
1	212889557	212889975
1	212919913	212922145
1	213558856	213560092
2	213560092	213565727
1	213565727	213567706
1	213780044	213802218
1	214144387	214146778
1	215210747	215282228
1	215294739	215296297
1	215356748	215360951
1	215385218	215391277
1	215701253	215854656
2	216247751	216248326
3	216248326	216248854
4	216248854	216249101
5	216249101	216249111
6	216249111	216249127
7	216249127	216255217
6	216255217	216255218
5	216255218	216255288
4	216255288	216255482
3	216255482	216257063
2	216257063	216263960
3	216263960	216269067
4	216269067	216270552
3	216270552	216273113
2	216273113	216282164
1	216312055	216313369
1	216484143	216484875
2	216484875	216489763
1	216489763	216490228
1	218603932	218616389
1	218985638	218989402
1	219119246	219120395
1	219281512	219282616
1	219812673	219820232
1	220210400	220214380
1	220362590	220441317
3	220441317	220441714
4	220441714	220447786
3	220447786	220449363
1	220449363	220451720
2	220451720	220456149
1	220456149	220524936
1	221083948	221090227
1	221681361	221694997
2	221694997	221698668
1	221698668	221711029
1	221917641	221998034
2	221998034	222001843
3	222001843	222013704
2	222013704	222155539
3	222155539	222159164
2	222159164	222211132
1	222211132	222267589
2	222267589	222270400
1	222270400	222427007
2	222427007	222429786
1	222429786	222446632
1	222450467	222646692
2	222646692	222655996
1	222655996	222712973
1	223154547	223319897
1	223471574	223593401
1	223698027	223725399
2	223725399	223725840
3	223725840	223731617
4	223731617	223731907
5	223731907	223732317
6	223732317	223734100
5	223734100	223743205
4	223743205	223746768
5	223746768	223748078
4	223748078	223750819
3	223750819	223752648
2	223752648	223752858
1	223752858	223770108
1	224093029	224124005
2	224124005	224127026
1	224127026	224145538
1	224413180	224417019
1	224467789	224490195
3	224490195	224555449
1	224891964	224894661
2	224894661	224899927
1	225209564	225210349
2	225210349	225211383
1	225211383	225211604
1	225416271	225420813
1	225721186	225750747
1	225946739	225979097
3	225979097	225986684
6	225986684	226002385
4	226002385	226024214
3	226024214	226034561
1	226034561	226101754
2	226101754	226104747
1	226104747	226112371
2	226112371	226170404
1	226170404	226522770
2	226522770	226530871
5	226530871	226561413
6	226561413	226612865
5	226612865	226623411
4	226623411	226684711
2	226684711	226748372
1	226748372	226821095
2	226821095	226822360
3	226822360	226822368
4	226822368	226823309
3	226823309	226824562
1	226824562	226838004
2	226838004	226838030
3	226838030	226840229
2	226840229	226840255
1	226840255	226872832
1	227089316	227097121
1	227438736	227440247
1	227866306	227873956
2	227873956	227874918
3	227874918	227878654
4	227878654	227878853
5	227878853	227878975
6	227878975	227879159
7	227879159	227879161
8	227879161	227879571
9	227879571	227882341
8	227882341	227883479
9	227883479	227886237
8	227886237	227886819
7	227886819	227887386
6	227887386	227887463
5	227887463	227887468
4	227887468	227887723
3	227887723	227888902
4	227888902	227891492
3	227891492	227894006
2	227894006	227896343
1	227896343	227897812
1	228199169	228200503
1	228484969	228502361
3	228502361	228506879
2	228506879	228508873
1	228508873	228510401
1	228779487	228782225
1	228812517	228816269
2	229385301	229387089
4	229387089	229387543
5	229387543	229388566
1	229388566	229389962
1	229602207	229609275
1	229691383	229718014
2	229718014	229778112
3	229778112	229779593
4	229779593	229793717
5	229793717	229875338
4	229875338	229879757
3	229879757	229880456
2	229880456	229894664
1	229894664	229982619
1	230524960	230525214
2	230525214	230525218
3	230525218	230526873
2	230526873	230526874
1	230526874	230527081
1	230576628	230580289
1	230661638	230815723
2	230815723	230817765
1	230817765	231303195
2	231303195	231308213
1	231308213	231322487
2	231322487	231445842
1	231445842	231474039
1	232016517	232019178
1	232330965	232384422
2	232384422	232385061
3	232385061	232385234
4	232385234	232385268
5	232385268	232386370
4	232386370	232386448
3	232386448	232386460
2	232386460	232386598
1	232386598	232487226
1	232572811	232576481
1	232770219	232774658
1	232875926	232939949
2	232939949	232979290
4	232979290	233023542
3	233023542	233024501
2	233024501	233058352
1	233058352	233174054
2	233174054	233194586
1	233194586	233201574
1	233427940	233638783
2	233638783	233662862
1	233662862	233747162
2	233747162	233752430
1	233752430	233835001
1	234117830	234120795
1	234325435	234344750
1	234349280	234357655
1	234615497	234615682
2	234615682	234615709
3	234615709	234615724
4	234615724	234615726
6	234615726	234617952
5	234617952	234617963
4	234617963	234617969
2	234617969	234618090
1	234618090	234618190
2	234668946	234670834
3	234670834	234728137
3	234728137	234848562
1	234848562	234854412
1	234933459	234942894
2	234942894	234943600
3	234943600	234944946
1	234944946	234968987
2	235190394	235190798
3	235190798	235192595
4	235192595	235195958
5	235195958	235197963
4	235197963	235198134
3	235198134	235198138
4	235198138	235198734
5	235198734	235198962
4	235198962	235199343
2	235199343	235199582
1	235199582	235212541
1	235408376	235439423
1	235632471	235633076
1	236008417	236030820
2	236030820	236032341
1	236032341	236067692
2	236067692	236079393
3	236079393	236170616
4	236170616	236174729
3	236174729	236508584
4	236508584	236550923
5	236550923	236552164
6	236552164	236552911
5	236552911	236554542
4	236554542	236714485
3	236714485	236757562
4	236757562	236767971
3	236767971	236769991
4	236769991	236771595
3	236771595	236792582
2	236792582	236795121
1	236795121	236817115
2	236817115	236819235
1	236819235	236834725
1	236918783	236918884
2	236918884	236918890
3	236918890	236920062
2	236920062	236920133
1	236920133	236922717
1	237141880	237146096
1	237533073	237537732
1	237832717	237974043
3	237974043	238169675
4	238169675	238182648
5	238182648	238183496
4	238183496	238226384
3	238226384	238365582
2	238365582	238374770
1	238374770	238382242
2	238382242	238384030
1	238384030	238420692
2	238420692	238424260
1	238424260	238429482
2	238429482	238456127
1	238456127	238459364
2	238459364	238459622
3	238459622	238459926
4	238459926	238461331
3	238461331	238461407
2	238461407	238461503
1	238461503	238461616
1	240091721	240381977
2	240381977	240396437
1	240396437	240399582
1	241103290	241108316
2	241108316	241108566
3	241108566	241125523
5	241125523	241128682
6	241128682	241130779
5	241130779	241131051
3	241131051	241228887
4	241228887	241252979
3	241252979	241325042
2	241325042	241347508
1	241347508	241534705
1	241849136	241849280
2	241849280	241849361
3	241849361	241850384
2	241850384	241850608
1	241850608	241850633
1	242050461	242068461
2	242068461	242082242
1	242082242	242083987
1	242705151	242728100
1	243382842	243394708
1	243505832	243509159
1	243642870	243700890
2	243700890	243703662
6	243703662	243703665
7	243703665	243707190
9	243707190	243712904
7	243712904	243713527
6	243713527	243713552
5	243713552	243714349
1	243714349	243724288
2	243724288	243730142
1	243730142	243736331
2	243736331	243761706
1	243761706	243890225
1	243890225	243893607
2	243893607	243899266
1	243899266	243916718
3	243916718	243919011
3	243919011	243929845
1	243929845	244003129
1	244095202	244095685
2	244095685	244103915
1	244103915	244182625
1	244353545	244355012
1	244386105	244438719
2	244438719	244445616
1	244445616	244452757
1	244464557	244465606
1	244473769	244481439
2	244481439	244482616
1	244482616	244713848
2	244713848	244715221
1	244715221	244806258
2	244806258	244807567
1	244807567	244808278
1	245006479	245012644
1	245087740	245090824
1	245141053	245357754
2	245357754	245436952
1	245436952	245781208
2	245781208	245782621
3	245782621	245795585
2	245795585	245819830
3	245819830	245819957
4	245819957	245867714
5	245867714	245869829
4	245869829	245916096
6	245916096	245916649
7	245916649	245916678
8	245916678	245916814
9	245916814	245916909
10	245916909	245917047
11	245917047	245917079
12	245917079	245917098
13	245917098	245917100
14	245917100	245923131
13	245923131	245923134
12	245923134	245923151
11	245923151	245923153
10	245923153	245923190
9	245923190	245923406
8	245923406	245923951
7	245923951	245943968
6	245943968	245999978
7	245999978	246001011
6	246001011	246095365
7	246095365	246101323
6	246101323	246116403
7	246116403	246117875
8	246117875	246117971
9	246117971	246118074
10	246118074	246118116
11	246118116	246118120
12	246118120	246124263
11	246124263	246124316
10	246124316	246124495
9	246124495	246124535
8	246124535	246124611
7	246124611	246124718
6	246124718	246127582
7	246127582	246210114
8	246210114	246212267
9	246212267	246213302
8	246213302	246309151
9	246309151	246343769
8	246343769	246344261
6	246344261	246352064
5	246352064	246386403
6	246386403	246388939
5	246388939	246395458
4	246395458	246442693
3	246442693	246556995
2	246556995	246566732
3	246566732	246589303
4	246589303	246613167
6	246613167	246613270
7	246613270	246614358
6	246614358	246614381
5	246614381	246614567
5	246614567	246614980
4	246614980	246622617
5	246622617	246632703
6	246632703	246632953
5	246632953	246634150
5	246634150	246635008
6	246635008	246636816
7	246636816	246638065
6	246638065	246639857
5	246639857	246646934
4	246646934	246662304
5	246662304	246673635
6	246673635	246676879
5	246676879	246676880
6	246676880	246682736
7	246682736	246685967
6	246685967	246687782
7	246687782	246693541
8	246693541	246701351
9	246701351	246702344
8	246702344	246702389
7	246702389	246711567
8	246711567	246713051
9	246713051	246713386
8	246713386	246754133
9	246754133	246760996
10	246760996	246767346
9	246767346	246768571
10	246768571	246794522
11	246794522	246794551
12	246794551	246795030
11	246795030	246804697
12	246804697	246815817
13	246815817	246851482
14	246851482	246856102
15	246856102	246857031
14	246857031	246857052
13	246857052	246860246
12	246860246	246862187
11	246862187	246863305
10	246863305	246863836
9	246863836	246865937
10	246865937	246869166
9	246869166	246874936
10	246874936	246875051
9	246875051	246877958
8	246877958	246884005
6	246884005	246897164
5	246897164	246904382
6	246904382	246906146
7	246906146	246906171
8	246906171	246907523
7	246907523	246907648
6	246907648	246909448
7	246909448	246912408
6	246912408	246924302
7	246924302	246931997
6	246931997	246932000
5	246932000	246933722
6	246933722	246933867
7	246933867	246933939
8	246933939	246933979
9	246933979	246935401
8	246935401	246939281
7	246939281	246940658
6	246940658	246940659
5	246940659	246942061
4	246942061	246944046
3	246944046	246948743
2	246948743	247124862
1	247124862	247134313
1	247149254	247173069
