0	377	988150
1	1794	115824
2	17845	167209
3	17845	167209
4	45257	76166
5	55871	68941
4	77822	1008567
2	307737	415038
3	311662	456464
4	311662	428408
5	311662	456464
6	346077	623339
5	451683	456934
3	529118	646613
4	554340	696231
5	554340	696231
6	569355	733174
3	702445	1697636
3	742429	789326
4	742429	758311
5	744068	769619
6	755964	799636
3	902141	903171
1	1020714	1049928
1	1083805	1283805
2	1142956	1147823
2	1182378	1231947
3	1189183	1309735
4	1213473	1215506
5	1214136	1215179
4	1217419	1221793
2	1291956	1292956
1	1314392	2014198
2	1452629	1683586
3	1483131	1637358
4	1574409	1574409
4	1609516	1720123
5	1610047	1674335
6	1617778	1662463
7	1619478	1674040
7	1639310	1640649
1	1836883	1849258
0	2043376	2045793
0	2062347	2242269
1	2109693	2194650
2	2130121	2146222
3	2136826	2253748
4	2145626	2314237
4	2188917	2300053
0	2315869	2362949
1	2316935	2440254
2	2316935	2543484
3	2322891	2440254
3	2366114	2370109
3	2394116	2440254
4	2394116	2480088
5	2394116	2723447
6	2413982	2480088
7	2436575	2488353
8	2436746	2488309
6	2441929	2482323
7	2446450	2478865
8	2476248	2527931
9	2477117	2490251
10	2478655	2526431
1	2573419	2579758
2	2573767	2580949
3	2574506	2576192
4	2575495	2619296
4	2577601	2599200
5	2579130	2604293
4	2594341	2598916
3	2600428	2606129
3	2605367	2619135
3	2607837	2613499
4	2610167	2612535
4	2612675	2618697
5	2612977	2615742
5	2613789	2622864
0	2795967	2837348
0	3117044	3216520
1	3142453	3323676
2	3207806	3373233
2	3262923	3284832
3	3265009	3326060
4	3278798	3538713
5	3284282	3497721
3	3358003	3539057
3	3383352	3412874
4	3392376	3409387
5	3401600	3419129
3	3431124	3446731
4	3437263	3441178
3	3476986	3500493
0	3567200	3710699
1	3574901	3645396
0	3749765	3751122
0	4025643	4027279
0	4647597	4650890
0	5027130	5068705
0	5189627	5459265
1	5267544	5414367
0	5733711	5836208
1	5785939	5788850
1	5795529	5868138
0	5872056	6045644
0	6106679	6156160
1	6111938	6247065
2	6112802	6135457
0	6379059	6494762
1	6411974	6587990
2	6421414	6514591
3	6421414	6437921
2	6508456	6570177
0	6717817	6720271
0	6725208	6725208
0	7412584	7598888
1	7492154	7493366
2	7492401	7494353
3	7492405	7494002
4	7492621	7494271
5	7492654	7494114
4	7494050	7610646
0	7637194	7638277
0	7778984	7787527
0	8105171	8111872
0	8125994	8276744
1	8128717	8131908
0	8313475	8318147
1	8313475	8332259
2	8313475	8346097
1	8338735	8344018
0	8500203	8503822
0	8668859	8812827
1	8810828	8839227
0	8931993	8934309
0	9089163	9197219
0	9238434	9327280
1	9240988	9334995
2	9243828	9319247
3	9246497	9319247
4	9250000	9311805
5	9255290	9316595
0	9455825	9462280
1	9457890	9462280
0	9599480	9609584
0	9685183	9688695
0	9748873	9780074
0	10160657	10505141
1	10291453	10301596
2	10292899	10301003
3	10292899	10296090
4	10292899	10296090
5	10293128	10300570
6	10293467	10300533
5	10297766	10301003
6	10297766	10301003
1	10374377	10382186
1	10404835	10406590
2	10405039	10406535
3	10405068	10406366
1	10491480	10493788
0	10561191	10565784
1	10561191	10565784
0	10595781	10719453
1	10627398	10782506
2	10628678	10640184
3	10628678	10640184
2	10642232	10673019
3	10665089	10977734
3	10677007	10678784
0	11295225	11320952
0	11633148	11636150
0	12066125	12263549
0	12431530	12456055
0	12521755	13749642
1	12641798	12645771
1	12665988	12669219
2	12666629	12668261
1	12694222	12860137
2	12710993	13672044
3	12743457	12836482
4	12756840	12836483
5	12758455	12836483
6	12768450	12805683
7	12769531	13065155
8	12769531	13388794
9	12783336	12790824
10	12783336	12836483
11	12783336	12836483
12	12783336	12836482
13	12783336	12836482
14	12783336	12802740
15	12783336	12834675
16	12783336	12836483
17	12783336	12836483
18	12783336	13645076
19	12783336	12802943
20	12783336	12836483
21	12783336	12836483
22	12788507	12836483
23	12788507	12836483
24	12789486	12836483
24	12793128	13108493
25	12793914	12802740
26	12793914	12836483
23	12811295	12814713
23	12815837	12871344
24	12826587	13093905
25	12826893	13583803
26	12831824	12849694
27	12833787	12836483
27	12834675	12836483
10	12858351	13068705
11	12859736	13074208
10	12939392	13064453
11	12959729	13300692
10	13066951	13093155
9	13076386	13092065
10	13081670	13249634
11	13082358	13084889
8	13101084	13223981
9	13101085	13226052
10	13101308	13110503
7	13245159	13429749
6	13317495	13340609
6	13345302	13366853
6	13388473	13389684
5	13393618	13404463
5	13420643	13621823
5	13566138	13587686
4	13609314	13610512
3	13635361	13652864
3	13646732	13649228
0	14157047	14159051
0	14167192	14242955
1	14177669	14244987
0	14308680	14311417
1	14309425	14311766
2	14309627	14311615
3	14309659	14311526
0	14337190	14339036
0	14551787	14593526
0	15128849	15133915
0	15149071	15151883
0	15361772	15362873
0	15373466	15383249
0	15402847	15423112
0	15458200	15466253
1	15461346	15466253
0	15665011	15683808
1	15669395	15681459
0	15888573	15967903
0	16000067	16027694
1	16009070	16051776
2	16024928	16028010
0	16213047	16242802
1	16213047	16253169
2	16213047	16240990
3	16219044	16242802
4	16219044	16249418
5	16220999	16240911
6	16220999	16230672
7	16220999	16240911
8	16220999	16242802
9	16222299	16244484
9	16235588	16259904
10	16235848	16256942
11	16236614	16262379
12	16239140	16261898
13	16240718	16251918
12	16240911	16242802
13	16240911	16245711
14	16240911	16253169
8	16248854	16258926
0	16612540	17172314
1	16636920	17356568
2	16660169	16806982
3	16673254	17153121
4	16675616	16684763
5	16681281	17180745
6	16681281	16902301
7	16682453	16684183
6	16694145	16885111
7	16705187	16720593
7	16727663	17078099
8	16738731	16782708
9	16758432	16914867
10	16759150	16869758
11	16760883	16764275
12	16760883	16764275
11	16764976	16765094
12	16765080	16766617
11	16767863	16918233
12	16771828	17067069
13	16781280	16786714
14	16781677	16788232
14	16783342	16789645
12	16795829	16882680
13	16795829	16882680
13	16820714	17130584
14	16847039	16955830
14	16878776	16925145
15	16880179	16998245
16	16882144	16885334
17	16882158	16885348
16	16884242	16896887
17	16884707	17152562
15	16887326	16890262
15	16891008	16926528
16	16891707	16908818
14	16908818	16923823
10	16928609	16957629
8	17049946	17153536
9	17054365	17237613
9	17067742	17134834
9	17081919	17124754
10	17087300	17322088
11	17093441	17102198
12	17097845	17126415
12	17118179	17127064
11	17126415	17137953
12	17126415	17137953
2	17279980	17415709
2	17325509	17357086
0	17467179	17486396
1	17482320	17493999
1	17488383	17488383
0	17548102	17549701
1	17548480	17550349
0	17760550	17775885
0	18154502	18361688
0	20270133	20315058
1	20279673	20283272
2	20280768	20281961
0	20473599	20477546
0	21300656	21303960
0	21566164	22039203
1	21608771	21815001
2	21610807	21671935
3	21626890	21679151
4	21654568	21666231
2	21722520	21923069
3	21755407	21762222
4	21761927	21762973
1	22004531	22009931
2	22004545	22009930
3	22007820	22195709
2	22014653	22219083
3	22019664	22073585
4	22019664	22200865
3	22095108	22285444
4	22095108	22213608
5	22180202	22205018
6	22182702	22213247
7	22193098	22209830
0	22372117	22379438
1	22374433	22379438
0	22472667	22481250
0	22776986	22777082
1	22777074	22777074
1	22777075	22778172
0	22798842	23016810
1	22954610	23135997
0	23183977	23211560
0	23317319	23321760
0	23466481	23483526
1	23467647	23480300
2	23473813	23485360
3	23473875	23481657
4	23474298	23477997
5	23475266	23477590
6	23475320	23480056
0	23682227	23683902
0	23763647	23767838
0	23876065	23879493
0	24083423	24083423
0	24387442	24398896
1	24392934	24396261
0	24667583	24687729
0	24768045	24774830
0	24831331	24839597
0	25031013	25034311
1	25031257	25034166
2	25031274	25034096
3	25031290	25034112
4	25031290	25034112
5	25031291	25034112
6	25031293	25034095
0	25318097	25336438
0	25392210	25398468
0	25415444	25562767
1	25415444	25562767
2	25445605	25544725
3	25445605	25544725
4	25456642	25611481
5	25457932	25537445
6	25458507	25508084
7	25462081	25537088
8	25463365	25536785
9	25464374	25555299
10	25465073	25570393
11	25465715	25534592
12	25482036	25536138
13	25488723	25521045
13	25510392	25559491
14	25518794	25536111
8	25538189	25590811
5	25561644	25566191
0	25961529	25965424
0	26327011	26355920
1	26328474	26341412
0	26801797	26846117
1	26840153	26884491
2	26843119	26881991
0	26999996	27023596
0	27029262	27193580
0	27534822	27604238
0	27644596	27817946
0	28437053	28444819
0	28536220	28568097
1	28545309	28555082
2	28550541	28558787
3	28550978	28565842
0	28580390	28611219
0	28810774	28820198
0	28950199	28952457
0	28980482	29012343
0	29205353	29235370
0	29708903	29740480
0	30117823	30118894
0	30258715	30260927
0	30478922	30514243
0	30806384	30806693
0	30812981	30814475
0	30895173	30897439
0	31449037	31450756
0	31454967	32238918
1	31493043	31494148
1	31494727	32129437
2	31504561	31513729
3	31507427	31508721
2	31734799	31749022
3	31738563	31760159
4	31742864	31749729
5	31742964	31746448
6	31743062	31747068
7	31744131	31744131
3	31757297	31765936
2	31773326	31802980
2	31811117	31858544
3	31850649	31861070
2	31906324	31919351
1	32135537	32184713
1	32221830	32224443
0	32891848	32896738
0	32949046	32968932
1	32960946	32974405
0	33093188	33152695
1	33128510	33136682
0	33224970	33224970
0	33248869	33251543
1	33249021	33251399
0	33251560	33259567
1	33251590	33252709
1	33252784	33259556
0	33557214	33592721
1	33569141	33592721
0	33643387	33649647
0	34100866	34183579
0	34193283	34697183
1	34314311	34379570
0	34849389	34851786
0	34862127	34887178
1	34862127	34887178
2	34867574	34883404
3	34870638	34887955
4	34875241	34877078
5	34876909	34880863
6	34876909	34880863
6	34877089	34884075
7	34879856	34880863
0	35395258	35395258
0	35482364	35514250
0	35656892	35666141
0	36376607	36389324
0	36392726	36659675
1	36442938	36447154
0	37196592	37198618
1	37196734	37198627
0	37714745	37826968
1	37729963	37747866
0	37961428	37965124
1	37963212	37965124
0	38414624	38417452
0	38622926	38624937
0	38856803	38859937
0	38901188	38910242
1	38901191	38908792
2	38901325	38909786
3	38907229	38909659
0	39150888	39157686
0	39184116	39184116
0	39343798	39351119
0	39561057	39562375
0	39957320	40079485
1	39997730	40433019
1	40161162	40168129
1	40276366	40331835
2	40288983	40307654
2	40311292	40504667
3	40324735	40326380
4	40324944	40326227
0	40738766	40742251
1	40740139	40743009
0	40794272	40801210
1	40794563	40799336
0	41116195	41156425
1	41119794	41149087
2	41119815	41147030
3	41119815	41147029
4	41119815	41147030
5	41129367	41147030
0	41171348	41172556
0	41236609	41250124
0	43142818	43143142
0	43466652	43468133
0	43689996	43706276
0	43777867	43844653
1	43778515	43844653
2	43831639	43832473
0	43864440	43866796
0	43868287	43878235
0	44259986	44425691
0	44544896	44720377
0	45568702	45680850
0	45941452	45941819
0	46015346	46024503
0	46092101	46130597
1	46125487	46279011
2	46125569	46133737
1	46266047	46273580
2	46266047	46275423
0	46586130	46592914
0	47486248	47501675
0	47548818	47549941
0	47835937	47837606
0	47947454	47950514
0	48494706	48496264
0	49313712	49320229
0	49701076	49721593
0	50257596	50260873
0	50272848	50321811
0	51798132	51802312
0	52078423	52187326
1	52141200	52314287
0	52898603	53061769
1	52961730	53163533
0	53261038	53262328
1	53261152	53304705
1	53296492	53340309
1	53308066	53315381
0	53401403	53403119
0	53418151	53497027
0	53591521	53592861
0	53691140	53801824
1	53773478	53774667
0	54140841	54142318
0	54350989	54363910
0	54385957	54387727
0	54427443	54436306
0	54832635	54842574
0	54861486	54879213
1	54864797	54876172
2	54864861	54868556
3	54864862	54868555
0	55042239	55081197
1	55074266	55076209
2	55074411	55078004
0	55296572	55298884
0	55478495	55478495
0	55496405	55497788
0	55620561	55743716
1	55625575	55627403
2	55625575	55633149
0	56500834	56504268
0	56603427	56607840
1	56603682	56607644
0	57288465	57408242
1	57320489	57321642
1	57327168	57330299
2	57327168	57329605
0	57722008	57723439
0	58494898	58505638
0	58516230	58517638
1	58516462	58517525
2	58516483	58517588
0	58568421	58575196
0	58913802	58915189
0	58927985	58929843
0	59099890	59263763
0	59799705	59844580
1	59816510	59830867
2	59819356	59822221
0	59878705	59879763
0	59901614	59924564
0	60081647	60085454
0	61732093	61735957
0	61853831	61856325
1	61855212	61856548
0	61884829	61892114
1	61886002	61892933
2	61886378	61891818
3	61886594	61890775
0	62052182	62290535
1	62168311	62227023
2	62209141	62223645
3	62210460	62214376
4	62210460	62212138
5	62210460	62214376
6	62211975	62215834
4	62214376	62215834
5	62214376	62215834
0	62425508	62430564
0	62539115	62542475
0	63254630	63258935
0	63477718	63480984
1	63477954	63480744
0	64449736	64548984
0	64615315	64624133
0	64960097	64965173
0	65769214	65807086
1	65796348	65803176
0	65813532	65816494
0	65943589	65944594
0	65946538	65951791
1	65946974	65950272
0	66030426	66041654
0	66601844	66603938
0	66851605	66853397
0	67041230	67054777
0	67054777	67066651
1	67054777	67066731
0	67485262	67607550
1	67565850	67568162
0	67780356	67781651
0	68349987	68354587
0	69768614	69775243
0	70248382	70339569
0	70894407	70897146
0	71077666	71079337
0	71376291	71406307
0	71621625	71710282
0	72249809	72255233
0	72389150	72578706
1	72394051	72429646
1	72507579	72595782
2	72507579	72595782
3	72514984	72698844
4	72515916	72587612
5	72519167	72523215
5	72526998	72537535
6	72527759	72536260
7	72528280	72536662
8	72528696	72536259
9	72528701	72535958
10	72535216	72592133
8	72536354	72588822
8	72536983	72595974
8	72538468	72585667
9	72538666	72584696
10	72538693	72586954
11	72538803	72584603
12	72538850	72584609
13	72539082	72584229
14	72539171	72584228
15	72539171	72584228
16	72540340	72550161
17	72540340	72561278
18	72540340	72579542
19	72541504	72583736
20	72542017	72549855
0	72784767	72860767
1	72784816	72860746
2	72793831	72856809
0	72869688	72887793
0	72954200	73079758
0	73364824	73373402
1	73367621	73367621
0	73385687	73548272
1	73452929	73484611
2	73454531	73483916
0	75613443	75621564
1	75615913	75621318
0	75759492	75960336
1	75774808	75805744
1	75852969	75855022
1	75855996	75929574
2	75859509	75891203
3	75866822	75894326
0	76720632	76792185
1	76720632	76792574
0	76942605	76962938
0	77011006	77075473
1	77017115	77065340
1	77070546	77077991
0	77104310	77107021
0	77547001	77551196
1	77547001	77551196
2	77547460	77552420
3	77547602	77561050
0	77605023	77606390
0	78421079	78433560
1	78421855	78432177
0	78781032	78973179
0	79286032	79358240
0	79405655	79409914
0	79607654	79649623
1	79607654	79649623
0	79841670	81616474
1	79866149	79873901
1	79994370	79995618
2	79994371	79995618
1	80093606	80345333
1	80567218	80567966
1	81038591	81052898
2	81048766	81052898
1	81154388	81195935
2	81175575	81183857
3	81177315	81183618
4	81177360	81183598
1	81293960	81306628
1	81432727	81434147
0	81660005	81669334
0	81805674	81979888
1	81853674	81892460
0	82494275	82494275
0	82665083	82672074
0	82851559	82950167
1	82898294	82900447
2	82898511	82900299
3	82898546	82900157
4	82898546	82900157
5	82898564	82900175
0	83027351	83030913
0	83074867	83076972
0	83101150	83780899
1	83172925	83336614
2	83274363	83403829
2	83375945	83716816
3	83390056	83393630
2	83495639	83512991
2	83512991	83545170
2	83618302	83629957
0	84007222	84008354
0	84289565	84297825
1	84289702	84297220
2	84289977	84300266
3	84290254	84297495
4	84290484	84297278
5	84290527	84297231
6	84290533	84297220
0	84483817	84488581
1	84484350	84488681
2	84484558	84488532
3	84484595	84488456
4	84484742	84488508
0	84668621	84670569
0	85012152	85013886
0	85314628	85618837
0	85683879	85687990
0	86173303	86177711
1	86173388	86177299
2	86173636	86176916
3	86175057	86177084
4	86175057	86177084
0	86476779	86479953
0	86513349	86514535
0	87409982	87412646
1	87409982	87412646
0	87493441	87507691
0	87847397	87854193
0	88055598	88075192
0	88089816	88098295
0	88745413	88745413
0	89029966	89133108
0	89184656	89333311
1	89248672	89251662
2	89249037	89251025
1	89285439	89292763
0	90592580	90755887
0	91208825	91215100
0	91563464	91573795
0	92004649	92005921
0	92129369	92352263
1	92351832	92357103
0	92441870	92578217
0	93008619	93014050
0	94020344	94065496
1	94060781	94064085
2	94060904	94063940
3	94060954	94063617
4	94060963	94063847
0	94176826	94277133
0	94892378	94931191
1	94901134	94925850
2	94901379	94927828
3	94903354	94927987
4	94904517	94925850
5	94904517	94925850
6	94904517	94925850
7	94904517	94926867
8	94906767	94924401
9	94910672	94915316
10	94910672	94925850
10	94923454	94925850
0	95268437	95475714
1	95294768	95298755
1	95469800	95527429
1	95526143	95527418
0	95563395	95593001
0	96069014	96078021
0	96188339	96318702
1	96259130	96260923
1	96297173	96303501
0	97283457	97284450
0	97680297	97873732
1	97814308	97823244
0	98282476	98284000
0	98326518	98333214
0	99768413	99937227
0	100132243	100270930
1	100214457	100216125
0	101756396	101757520
0	101781132	101787166
1	101784062	101786303
0	102096209	102098748
0	102138728	102203222
1	102138728	102207718
2	102144927	102189681
0	102223324	102569407
1	102341511	102341511
1	102401197	102635435
2	102420526	102767806
3	102428272	102622567
4	102439976	102600918
0	103211383	103321085
0	103418204	103427873
0	103519977	103523370
0	103762947	104253525
1	103797425	104094805
2	103904580	103930296
3	103905304	104102680
4	103906493	103965256
5	103907158	103930296
6	103907158	104131400
7	103907158	104144421
8	103910761	103960907
9	103917322	103920269
7	103941067	104102680
8	103956056	104113271
7	103979519	104094855
8	103979519	104094855
9	103995201	104014104
4	104112353	104118077
5	104112354	104117593
6	104113235	104185498
3	104136060	104142502
1	104219709	104221299
0	104274099	104287436
1	104276563	104294811
2	104279745	104294899
0	104426511	104431824
0	104670836	104673009
0	105055522	105057756
1	105056321	105057888
0	105627084	105751839
1	105634380	105641635
2	105635582	105647162
0	105755519	105783414
1	105776578	105795754
1	105789056	105959460
1	105806170	105825716
2	105816477	105864416
3	105816667	105824965
4	105817147	105825154
5	105817308	105825002
6	105817324	105824952
7	105817337	105824920
8	105818005	105824034
9	105820367	105823439
10	105820728	105823898
2	105827431	105882130
3	105827431	105924364
4	105830601	105888503
5	105839003	105851606
5	105861577	106036917
3	105915479	105915479
2	105924888	105966387
3	105936885	105938440
3	105946185	106025589
4	105952402	105953553
3	105964901	106000090
3	105966387	106000090
4	105966387	106000090
5	105969819	106016548
2	106021418	106209345
1	106110789	106116611
0	106378678	106621321
1	106562085	106683105
2	106580566	106647676
3	106616366	106619049
0	107023241	107025005
0	107175823	107206654
0	107285151	107642406
1	107455508	107511243
2	107458928	107464933
0	107691171	107700129
0	108013196	108216400
0	108420397	108898201
1	108514072	108541777
2	108516143	108525759
2	108528929	108541028
3	108533286	108538706
4	108534656	108538971
5	108534810	108538892
6	108534846	108538774
7	108534846	108538814
8	108534848	108538776
9	108534947	108538705
10	108534947	108538705
11	108534961	108538705
12	108535758	108539019
1	108590772	108591939
1	108593907	108752274
2	108604493	108654504
3	108619360	108728242
3	108710763	108812677
4	108727420	108778174
4	108729983	108787720
3	108779753	108791889
1	108826536	108827814
0	109142222	109184766
1	109168396	109173634
2	109169467	109173397
3	109169467	109173397
4	109169467	109178806
5	109169550	109173449
0	109217748	109267586
1	109217748	109270231
1	109268856	109463759
1	109298377	109299668
1	109370160	109380182
2	109374706	109376814
0	109490837	109556481
0	109583560	109627659
1	109606169	109620053
0	109954441	109999446
1	109970612	109994124
2	109979751	110006486
3	109982783	109999961
4	109988334	109993086
5	109988386	109989689
6	109988741	109992972
7	109988772	109990027
0	110019656	110058541
1	110020757	110057325
2	110023298	110030979
3	110025520	110054404
4	110025520	110054404
5	110025907	110044476
6	110030105	110037055
7	110030649	110042911
7	110033049	110041457
8	110035790	110059006
0	110703607	110704378
0	110756363	110759664
0	110831091	110838240
0	111142680	111180501
1	111142680	111187872
2	111170391	111193633
3	111173115	111196092
4	111173167	111180501
5	111173167	111189246
6	111175886	111194582
7	111176350	111189246
8	111176350	111189246
9	111178296	111190290
10	111179088	111189749
11	111180121	111189600
10	111180501	111189735
11	111180501	111184586
12	111180501	111184586
13	111180501	111189246
14	111180501	111189246
15	111180501	111187872
16	111180501	111189246
17	111180501	111189246
18	111180773	111182243
14	111187872	111189246
0	111551934	111587587
0	111588918	111596256
0	111625374	111636507
1	111629849	111637017
2	111631018	111633814
0	111730660	111734750
1	111732439	111735827
2	111732439	111734674
3	111732439	111735827
0	111777127	111784755
0	112396182	112594062
1	112487442	112516321
2	112490979	112506339
3	112491625	112512823
4	112491625	112512823
5	112493274	112506348
6	112493657	112506352
7	112495870	112505904
8	112496617	112512047
9	112497200	112498913
10	112497782	112505805
0	112636628	112639206
0	112793533	112796480
0	112958658	116542895
1	113048153	116500791
2	113065234	113236341
2	113251567	113304968
2	113343812	113343812
2	113409780	113416967
3	113411786	113417817
4	113412759	113415300
5	113412863	113415317
2	113689017	113690049
2	113839225	113847608
3	113841108	113847610
2	113884455	113897620
2	114068341	114072796
2	114245635	114247761
2	114609082	114610154
3	114609082	114610154
2	115525218	115969481
3	115529471	115870562
4	115681450	115686021
2	116030772	116034602
2	116344127	116364486
0	116778663	116791664
1	116781171	116781171
0	116927828	117128034
1	116961521	117004368
2	116961521	117005074
3	116966438	117076198
4	116970419	117005075
0	117682003	117683406
0	117811591	117815812
0	117968996	117970228
0	118228296	118547581
0	118721481	118726986
0	118733253	118733253
0	119030780	119183750
0	119383460	119390866
0	119553635	119874484
1	119814298	119815334
1	119818219	120016100
2	119873987	119937056
2	119892957	119928513
3	119900184	119963965
4	119911627	119941185
5	119916400	119951038
6	119916907	119947406
7	119917455	119955252
8	119924702	119956126
9	119924945	119929020
10	119924945	119929020
0	120067972	120115614
1	120067972	120249992
2	120068836	121047873
2	120189801	120207516
3	120192437	120335637
2	120332743	120432023
2	120349939	120352967
1	120436583	120493487
1	120568788	120671324
2	120614627	120615785
2	120616494	120619167
2	120619212	120621580
1	120689195	120697970
1	120712250	120734056
2	120727975	120875167
2	120789515	120807513
2	120866130	121013322
3	120874363	120992603
4	120874363	120992603
4	120902013	121013322
0	121055666	121057655
1	121056661	121061611
2	121057269	121058981
1	121059540	121087887
0	121143962	121184913
1	121176554	121185357
2	121180116	121184934
2	121184933	121185222
0	121185923	121186957
1	121186433	121186651
2	121186440	121186645
0	140903396	141765769
1	141477000	141482467
2	141477029	141479031
2	141479777	141482609
3	141481606	141483808
4	141481781	141482849
2	141482868	141905037
3	141483201	141906719
3	141528150	141861400
4	141663628	141759855
5	141726101	142096907
6	141732168	141749558
4	141822864	141963731
5	141830585	141962727
5	141883055	141884073
0	142097726	142099955
0	142121960	142123252
1	142122059	142123319
2	142122066	142123239
3	142122088	142293439
1	142206285	142356882
0	142642781	144194710
1	142643380	142645745
1	142645790	142648614
2	142646350	142720164
2	142653784	142654816
2	142690296	142785224
3	142702981	142706562
3	142720009	142804543
3	142736050	144255274
2	143001289	143002711
2	143026080	143111804
3	143034396	143164104
2	143172711	143176217
2	143180903	143182946
2	143214424	143233902
2	143327178	143527303
2	143534835	143539333
2	143586336	143624905
3	143586336	143624905
4	143597265	143807163
5	143597874	143600167
5	143605384	143606731
5	143606795	143618587
6	143607406	143612530
7	143607552	143619364
8	143607629	143612409
9	143607654	143612403
8	143612418	143618398
8	143612537	143618166
9	143612539	143618198
3	143631375	143791172
4	143661417	143791088
5	143665704	143791860
6	143665712	143666778
6	143673834	143791318
7	143673834	143791318
8	143782866	143815877
9	143790285	143900899
6	143791479	143903675
6	143802497	143808376
7	143804075	143808689
8	143804233	143808992
9	143804306	143808439
10	143804308	143808446
4	143828853	143923567
5	143834992	143929761
6	143852300	143999773
7	143864903	143883975
7	143900678	144104827
8	143900896	144083768
7	143921702	144020182
6	143971149	144320665
7	143981311	143984336
7	143993758	144053415
7	144002313	144162829
8	144005452	144068232
9	144005845	144011561
10	144005888	144097032
9	144023135	144072602
10	144036453	144068323
11	144036453	144068323
12	144041631	144087434
13	144052078	144080861
13	144061077	144091155
14	144061077	144091155
12	144071446	144077829
12	144073244	144077969
13	144073252	144077969
14	144073256	144077969
15	144074795	144077969
16	144076115	144077671
4	144106312	144458820
5	144145847	144147262
4	144183079	144185322
5	144183242	144186098
3	144244532	144458820
3	144272574	144273821
3	144308473	144724627
4	144308473	144724627
4	144321567	144458820
5	144337336	144458820
6	144337336	144458820
7	144337336	144458820
8	144337623	144516065
9	144339527	144479874
2	144543331	145858228
3	144594476	145164166
4	144653806	144655104
4	144692908	144701906
2	144746063	144750307
3	144746063	144750307
2	144761130	144767356
2	144787864	144791608
2	144799120	144800125
2	144872494	144936477
2	145128642	145136068
2	145161546	145301974
1	145312377	145315276
1	145351618	145550490
2	145360178	145393985
1	145708347	147521567
1	145950785	145952082
1	146097096	146106370
1	146151735	148257137
2	146202411	147495710
3	146216835	146259198
4	146219055	146242375
5	146219746	146221065
5	146221411	146280890
6	146240568	146256205
4	146268901	148262603
5	146273899	146275557
5	146276990	147980523
5	146288629	148142748
6	146292286	147427061
7	146293282	147427061
8	146293282	147478120
9	146293282	147941416
10	146323728	146326537
10	146380603	146483061
11	146442922	146462600
11	146470213	146473822
11	146476038	146477425
12	146476038	146477425
10	146578326	146719169
10	146780429	147056085
11	146825987	147982309
12	146855968	146860454
13	146855968	146860454
12	146862821	146905437
12	147017157	147217833
13	147018012	147022498
14	147018012	147022498
13	147024865	147067757
12	147115262	147116762
12	147119727	147298290
13	147162330	147169636
13	147194354	147200047
11	147302889	147858378
12	147303148	147526040
13	147305744	147478120
14	147305744	147311729
15	147305744	147311729
16	147305744	147478120
17	147305744	147331145
18	147305744	147327306
19	147305744	147414362
20	147305744	147427061
21	147305744	147427061
22	147305744	147478120
23	147305744	147478120
24	147305744	147980523
25	147305744	148039974
26	147305744	148039974
27	147305744	148082160
28	147305744	147331145
29	147305744	147478120
30	147306690	147522032
31	147306690	147980523
32	147306690	147427061
33	147308446	147356586
32	147314918	147377167
30	147333923	147425688
31	147333923	147382788
32	147333923	147411558
32	147375745	147588154
32	147377167	147387670
31	147390776	147392563
31	147404137	147421972
23	147427061	147478120
24	147467750	147484617
17	147484617	147505129
17	147495710	147507662
18	147495710	147509945
17	147507662	147509945
12	147593087	147700280
13	147595560	147599388
11	147907267	148087465
12	147913428	147927313
13	147920576	147979384
12	147955478	148102904
13	147972372	148007267
13	147980066	147986333
11	147981074	147984910
12	147981078	147984915
8	148017945	148020061
6	148041560	148087614
7	148081544	148133136
5	148088263	148119731
0	148936576	148940308
0	148945534	148947612
0	149010116	149059240
1	149031900	149039294
0	149507166	149678259
1	149585357	149611327
2	149595418	149678259
3	149599791	149671472
4	149599791	149671472
5	149599791	149679804
6	149599962	149674329
7	149603323	149664502
0	150056233	150063393
0	150346613	150350663
0	150445059	150453878
1	150449799	150453775
2	150449799	150453775
3	150452330	150453772
4	150452906	150458231
5	150452906	150458231
2	150454544	150457364
0	150480555	150490330
0	150529970	150550238
1	150547363	150551253
0	150643334	150657076
0	150720293	150927551
1	150739463	151164777
2	150776972	150819989
3	150796456	150857766
4	150796456	150819989
5	150797134	150819989
6	150797134	150819989
7	150803384	150819989
8	150810642	150869600
9	150812266	150866359
10	150816580	150875096
11	150816580	150875096
12	150816893	151042150
8	150821592	150854502
9	150821800	150850302
10	150821805	150855544
11	150822167	150854366
12	150822330	150853218
13	150822589	150853342
14	150822589	150838890
15	150823073	150852905
16	150824684	150828032
16	150835102	150847144
16	150839696	150852631
3	150910842	150912972
3	150915469	150924163
4	150915515	150924934
5	150915736	150923166
2	150938537	151023430
3	150938629	151001420
4	150949332	151005850
3	151013059	151040222
4	151013059	151040222
4	151025776	151041038
5	151025966	151039071
6	151026496	151036980
7	151027011	151036463
8	151027733	151036463
9	151027995	151036431
10	151028547	151035324
11	151030779	151033105
0	151551932	151588145
1	151569690	151607803
0	151677134	151685619
0	151940298	151959872
1	151954284	151960688
0	151981612	151983167
0	152018763	152040053
1	152020349	152040053
2	152022707	152040053
0	152347532	152351311
0	152777660	152779607
0	152855287	152857235
0	153084977	153149168
0	153361602	153581431
1	153361603	153541655
2	153412761	153422551
2	153448723	153450569
2	153451033	153470618
3	153455784	153467684
4	153461604	153464086
3	153468579	153471710
2	153473679	153480482
2	153489907	154184585
3	153502429	153508303
4	153502429	153508303
3	153511518	153514946
4	153511518	153514946
1	153920459	153940133
2	153923318	153938196
3	153927851	153929981
0	154792346	154795797
1	154793094	154795835
2	154793297	154795636
3	154793347	154795578
4	154793347	154795578
5	154793352	154795558
0	154996956	155003668
0	155440245	155442221
0	155978387	155980396
0	156308318	156309570
0	156491449	156503686
0	156783620	156787041
1	156783977	156788016
2	156783977	156788016
3	156785563	156788016
4	156786829	156788016
0	156993464	156994771
0	157133925	157136752
1	157133963	157136708
2	157134135	157136615
3	157134150	157136605
4	157134154	157136605
5	157134155	157136605
6	157134158	157136608
0	157221997	157253192
1	157227761	157233914
2	157227826	157233464
3	157227938	157232827
0	157278956	157283420
0	157915081	157916524
1	157915204	157916305
2	157915303	157916336
0	158418318	158419818
0	158929056	158941968
0	159428462	159438144
0	159610879	159948176
1	159658059	159690724
2	159669654	159933356
3	159672939	159890629
4	159678135	159718340
5	159679236	159717869
6	159680037	159732817
7	159686683	159694090
4	159730122	159940306
4	159745304	159912627
5	159745305	160346951
6	159749902	159832916
7	159758182	159899278
8	159761664	159913448
9	159761845	159845486
10	159767935	159769570
10	159777717	159884140
11	159777717	159884140
12	159777717	159905010
13	159778034	159906183
14	159789853	159821663
14	159831229	159913394
15	159831257	159913343
12	159887552	159901749
1	160241240	160344771
2	160331092	160626632
3	160342772	160769980
4	160343145	160612442
3	160355955	160643940
4	160374743	161141819
5	160406966	160450417
6	160422610	160440019
7	160422610	160445771
8	160435892	160440019
5	160506331	160539290
5	160575903	160578607
4	160619569	160620836
2	160743792	160745458
0	161153719	161156130
1	161153719	161159900
2	161154043	161156130
0	161574673	161581055
0	162113502	162171777
1	162168880	162330459
0	162504226	162530434
1	162527361	162589049
0	162647580	162655215
0	163684150	163692160
1	163688498	163690794
2	163688616	163690699
0	163808794	163826002
0	163915533	163917071
0	164052127	164078353
1	164064590	164078353
0	164097752	164106356
0	164170586	164180398
0	164442179	164457262
1	164451105	164460994
2	164453091	164458301
0	164635080	164638013
0	164758503	164917609
1	164810166	164868402
2	164812966	164884225
0	165025361	165033674
0	165220490	165446966
1	165430385	165447415
2	165430710	165432984
3	165431430	165459990
4	165432538	165443534
4	165434173	165447752
0	166061707	166456848
1	166290929	166292593
2	166291183	166292356
3	166291198	166292371
4	166291201	166292360
1	166355739	166358038
1	166445800	166619686
1	166604693	166609973
0	166693627	166695474
0	167114988	167155209
0	167270838	167278445
0	167488547	167514350
1	167493797	167507911
2	167495768	167506708
3	167495768	167506708
4	167495768	167506708
5	167495768	167506708
6	167495768	167506708
7	167498166	167506708
8	167500598	167508390
0	167843192	167847882
0	167874342	167880013
0	168048630	168151810
0	168581705	168679916
1	168634270	168653829
2	168638027	168647104
0	170952312	170991363
0	171075068	171076391
0	171535047	171748780
0	172077265	172222566
1	172131569	172132666
0	172735904	172836399
1	172735904	172836399
0	173060767	173068262
1	173063179	173068463
2	173063179	173068467
3	173063389	173068211
4	173064490	173068262
5	173064490	173068262
6	173064490	173068262
7	173064490	173068262
8	173064490	173067495
9	173064490	173068262
10	173064490	173068262
0	173173530	173173530
0	173313035	173361029
0	173466974	173468519
0	173496254	173673926
0	173695580	174027375
1	173713206	174176624
0	174297609	174457198
1	174402368	174405158
0	174503382	174506423
0	174849961	174881366
1	174857914	174871187
0	176730214	176738117
0	176821807	176827109
0	176916511	176924899
1	176924205	176940697
1	176926033	176940697
2	176926556	176940697
3	176926556	176940697
4	176926556	176940697
5	176926933	176940811
6	176928252	176940697
0	177220369	177243352
0	177511282	177512932
0	177595331	177611528
1	177597151	177599938
0	177836523	177850224
0	177989461	177990945
0	178211524	178338610
0	178395125	178602163
1	178539031	178540561
0	179007836	179046936
1	179013423	179032334
0	179871788	179878664
0	181054074	181063378
0	181417109	181418317
0	182046713	182052162
1	182051688	182228470
0	182411618	182425419
0	183065293	183101199
1	183081113	183087451
2	183081352	183087407
3	183081355	183087405
4	183081366	183087422
5	183081367	183087422
0	183276164	183278578
0	183559820	183612394
1	183587975	183591244
0	184050339	184051921
0	185336978	186256217
1	185379909	185393300
1	185564993	185567314
1	185731223	185733352
2	185733098	185733577
1	185839646	185847926
2	185839646	185842009
3	185839646	185847926
1	185860265	185863517
1	185912515	186021648
2	185972752	185990377
3	185981956	185991078
4	185982727	185989155
1	186138955	186152482
1	186206616	186213763
0	186805826	186807091
0	186838019	186914210
0	187001959	187149660
1	187117397	187233979
0	187261219	187295821
1	187293847	187297986
2	187294778	187295821
3	187294778	187394747
1	187320829	187745063
2	187330954	187604620
3	187353623	187359115
4	187353840	187356191
5	187353840	187356191
2	187448048	187505288
2	187510791	187513215
3	187513156	187915951
3	187584244	187835170
4	187584244	187803966
5	187592364	187823580
6	187592657	187810478
7	187593758	187719766
7	187615085	187810199
8	187617323	187810199
9	187617323	187810199
10	187715199	187809352
1	187884674	187886002
0	187967807	188077261
1	187978794	188036884
2	187978794	188048192
3	187984282	188048192
4	188003456	188086110
5	188031476	188039770
5	188037441	188043864
6	188037441	188042398
7	188038628	188043864
4	188046088	188052547
2	188057595	188072141
0	188102143	188145217
0	188225729	188261835
1	188236966	188251966
2	188236989	188253049
3	188243174	188250190
0	188264680	188318734
0	188319283	188320503
0	188700036	188762630
0	188925052	188954476
0	188981294	189134568
0	189590608	189597774
0	189616237	189638488
0	189726451	189888415
0	189983338	189992781
1	189983668	189993306
2	189986050	189988086
0	190039595	190142375
1	190044143	190092375
2	190065587	190107549
2	190095692	190133873
3	190102939	190134703
4	190102939	190134702
5	190102939	190133875
6	190102939	190134703
7	190102939	190142375
7	190107549	190133875
8	190107549	190134703
9	190116387	190133875
0	190183023	190185251
1	190183066	190185283
0	190472655	190481687
0	190837330	190838734
0	191147324	191154968
0	191243080	191271509
0	191781794	191782684
0	191892800	191900885
1	191897200	191976819
2	191898151	191976819
2	191927641	191976999
3	191929899	191976819
0	192265651	192266862
0	192717156	192721514
0	192905254	192905573
0	193069200	193074564
0	193204702	193209527
1	193204702	193213877
0	193271678	193285727
1	193280600	193285922
0	193433534	193547047
1	193489203	193653520
2	193514061	193570098
3	193522550	193846835
1	193676328	193682368
2	193677235	193680033
0	194070387	194386077
1	194070767	194111012
2	194075326	194082752
2	194097653	194138918
3	194097653	194138918
4	194099918	194101609
3	194119842	194138918
4	194121185	194122648
1	194140966	194286966
2	194157865	194287158
3	194168299	194454288
4	194254531	194288166
0	194526471	194685639
0	194857460	195228425
1	194908856	194926884
2	194918455	194926884
1	194936135	195082994
2	194936135	195082994
3	194975846	195332697
4	194977757	195193635
5	194978246	195089856
6	194983118	195078925
7	194983337	195066235
8	194984098	195075439
9	194986902	195080687
10	194988264	195100653
11	194988479	195081319
12	194993072	195100122
13	194997658	195068695
14	194997771	195278200
15	194997771	195168376
16	194997771	195168376
17	194997796	195182982
18	194999756	195168376
19	195004814	195025053
20	195005520	195165287
21	195005549	195089556
22	195006454	195274102
22	195031211	195187683
23	195031966	195153393
24	195059832	195062807
25	195060951	195185070
25	195063101	195221853
26	195063101	195221853
26	195068235	195168376
19	195089652	195163711
20	195089652	195163711
21	195089653	195163711
22	195089653	195129192
23	195089653	195133856
24	195089653	195160949
25	195089653	195163711
26	195089653	195199868
27	195089653	195163711
28	195089653	195186771
28	195089940	195168372
29	195089966	195153393
30	195092486	195133856
31	195092486	195160949
32	195092486	195163711
28	195148205	195186581
6	195212037	195220008
3	195244422	195436395
0	195738086	195778020
1	195766887	195770144
2	195767107	195769966
3	195767131	195769894
4	195767139	195769897
5	195767143	195769906
0	195882014	195968848
0	196023411	196024627
0	196569006	196582349
1	196571017	196577117
0	196738880	196754444
1	196739236	196754612
2	196739236	196754612
3	196740259	196765231
4	196740977	196743944
5	196741716	196750332
6	196741875	196751817
7	196742448	196742448
0	196887052	196896230
0	197040116	197042300
1	197040309	197041904
2	197040336	197042136
3	197040372	197042037
0	197215222	197223208
0	197295301	197365481
1	197320763	197365481
0	197378049	197380463
0	197705075	197707100
1	197705327	197706985
2	197705368	197706854
0	197808393	197812030
0	198365160	198371615
0	198774133	198863600
0	198924789	198934596
0	199093796	199262355
0	199345711	199348566
0	199479459	199481377
1	199479459	199483771
2	199479459	199483771
0	199488425	199489541
0	199784793	199835239
0	199903347	199934485
0	200182977	200188892
0	200200378	200203268
0	200244450	200253041
0	200743271	200813724
1	200767732	200948830
1	200834012	200990829
2	200910134	200935187
0	202036514	202053826
1	202036514	202067049
0	202154269	202156525
0	202204481	202212021
0	202581889	202583716
1	202581978	202583639
0	202589558	202621867
0	202667406	202670282
0	203284665	203286029
0	203444971	203445653
0	203765769	203767389
0	204186230	204407370
0	204766250	204775640
0	204922611	205124381
1	204924040	204925806
1	205013599	205035920
0	205358882	205359997
1	205358968	205360051
0	205607052	205612772
1	205608586	205612187
2	205608619	205612231
3	205608658	205612259
0	205624502	205991690
1	205763497	205805949
2	205763497	205805949
3	205763570	205804943
4	205764096	205817763
5	205765349	205817763
6	205784356	205807156
7	205785706	205804262
8	205803247	205814725
1	205888722	205894247
1	205908611	205913262
1	205938851	205940118
0	206299457	206323920
0	206365585	206526445
1	206492294	206526434
2	206492331	206521802
3	206510145	206563741
4	206510145	206521802
5	206512423	206523545
6	206512982	206521228
0	206840755	206884716
0	207188300	207192596
0	208137197	208165120
1	208138178	208167406
2	208142224	208160874
3	208142236	208154268
4	208143485	208163033
5	208143946	208152620
6	208144437	208152798
7	208144677	208152598
8	208144679	208152594
9	208148236	208150607
0	208325276	208370942
0	208540737	208628704
0	208646146	208687402
1	208670753	208680239
2	208670753	208674614
3	208670753	208680239
4	208671369	208679147
0	208788822	208791691
1	208788866	208791764
2	208788878	208793886
3	208788882	208791631
0	208869521	208902064
1	208885992	208916934
2	208887499	208900726
3	208893959	208893959
0	209435916	209437112
0	209516178	209520373
0	210537527	210539486
1	210537758	210539239
2	210537759	210539239
3	210537776	210539257
4	210537776	210539257
5	210537777	210539257
6	210537779	210539240
0	210714766	210909726
1	210722750	210723884
1	210766559	210770545
0	210913883	210921385
0	210992052	211073020
1	210992869	210994734
1	211069443	211080005
2	211071638	211077059
3	211072687	211076120
0	211712467	211718771
0	211781124	211781124
0	212625281	212626674
0	212889557	212889975
0	212919913	212922145
0	213558856	213567706
1	213560092	213565727
0	213780044	213802218
0	214144387	214146778
0	215210747	215282228
0	215294739	215296297
0	215356748	215360951
0	215385218	215391277
0	215701253	215854656
0	216247751	216282164
1	216247751	216282164
2	216248326	216257063
3	216248854	216255482
4	216249101	216255288
5	216249111	216255217
6	216249127	216255218
2	216263960	216270552
3	216269067	216273113
0	216312055	216313369
0	216484143	216490228
1	216484875	216489763
0	217228234	217228234
0	218144279	218144279
0	218603932	218616389
0	218985638	218989402
0	219119246	219120395
0	219281512	219282616
0	219812673	219820232
0	220210400	220214380
0	220362590	220524936
1	220441317	220449363
2	220441317	220449363
3	220441714	220447786
1	220451720	220456149
0	221083948	221090227
0	221681361	221698668
1	221694997	221711029
0	221917641	222211132
1	221998034	222013704
2	222001843	222429786
2	222155539	222159164
1	222267589	222270400
1	222427007	222446632
0	222450467	222712973
1	222646692	222655996
0	223154547	223319897
0	223471574	223593401
0	223698027	223743205
1	223725399	223752858
2	223725840	223750819
3	223731617	223734100
4	223731907	223752648
5	223732317	223770108
4	223746768	223748078
0	224093029	224145538
1	224124005	224127026
0	224413180	224417019
0	224467789	224555449
1	224490195	224555449
2	224490195	224555449
0	224891964	224899927
1	224894661	224899927
0	225209564	225211604
1	225210349	225211383
0	225416271	225420813
0	225721186	225750747
0	225946739	226872832
1	225979097	226002385
2	225979097	226034561
3	225986684	226002385
4	225986684	226024214
5	225986684	226034561
1	226101754	226104747
1	226112371	226170404
1	226522770	226684711
2	226530871	226612865
3	226530871	226684711
4	226530871	226748372
5	226561413	226623411
1	226821095	226823309
2	226822360	226824562
3	226822368	226824562
1	226838004	226840229
2	226838030	226840255
0	227089316	227097121
0	227438736	227440247
0	227866306	227896343
1	227873956	227891492
2	227874918	227897812
3	227878654	227887386
4	227878853	227886237
5	227878975	227887723
6	227879159	227887468
7	227879161	227887463
8	227879571	227882341
8	227883479	227886819
3	227888902	227894006
0	228199169	228200503
0	228484969	228508873
1	228502361	228506879
2	228502361	228510401
0	228779487	228782225
0	228812517	228816269
0	229385301	229388566
1	229385301	229389962
2	229387089	229388566
3	229387089	229388566
4	229387543	229388566
0	229602207	229609275
0	229691383	229982619
1	229718014	229879757
2	229778112	229875338
3	229779593	229880456
4	229793717	229894664
0	230524960	230527081
1	230525214	230526874
2	230525218	230526873
0	230576628	230580289
0	230661638	231445842
1	230815723	230817765
1	231303195	231308213
1	231322487	231474039
0	232016517	232019178
0	232330965	232487226
1	232384422	232386460
2	232385061	232386598
3	232385234	232386448
4	232385268	232386370
0	232572811	232576481
0	232770219	232774658
0	232875926	233058352
1	232939949	233194586
2	232979290	233023542
3	232979290	233024501
1	233174054	233201574
0	233427940	233835001
1	233638783	233662862
1	233747162	233752430
0	234117830	234120795
0	234325435	234344750
0	234349280	234357655
0	234615497	234618190
1	234615682	234618090
2	234615709	234617952
3	234615724	234617963
4	234615726	234617969
5	234615726	234617969
0	234668946	234848562
1	234668946	234854412
2	234670834	234848562
3	234728137	234728137
0	234933459	234968987
1	234942894	234944946
2	234943600	234944946
0	235190394	235199343
1	235190394	235199343
2	235190798	235198134
3	235192595	235198962
4	235195958	235197963
3	235198138	235199582
4	235198734	235212541
0	235408376	235439423
0	235632471	235633076
0	236008417	236834725
1	236030820	236032341
1	236067692	236795121
2	236079393	236792582
3	236170616	236174729
3	236508584	236714485
4	236550923	236552911
5	236552164	236554542
3	236757562	236767971
3	236769991	236771595
1	236817115	236819235
0	236918783	236920133
1	236918884	236920062
2	236918890	236922717
0	237141880	237146096
0	237533073	237537732
0	237832717	238456127
1	237974043	238374770
2	237974043	238365582
3	238169675	238226384
4	238182648	238183496
1	238382242	238384030
1	238420692	238424260
1	238429482	238461503
1	238459364	238461616
2	238459622	238461407
3	238459926	238461331
0	240091721	240399582
1	240381977	240396437
0	241103290	241347508
1	241108316	241252979
2	241108566	241534705
3	241125523	241131051
4	241125523	241131051
5	241128682	241130779
3	241228887	241325042
0	241849136	241850633
1	241849280	241850608
2	241849361	241850384
0	242050461	242082242
1	242068461	242083987
0	242705151	242728100
0	243382842	243394708
0	243505832	243509159
0	243642870	244003129
1	243700890	243714349
2	243703662	243714349
3	243703662	243712904
4	243703662	243713552
5	243703662	243714349
6	243703665	243713527
7	243707190	243712904
8	243707190	243714349
1	243724288	243730142
1	243736331	243761706
1	243890225	243890225
1	243893607	243899266
1	243916718	243919011
2	243916718	243929845
2	243919011	243929845
0	244095202	244182625
1	244095685	244103915
0	244353545	244355012
0	244386105	244445616
1	244438719	244452757
0	244464557	244465606
0	244473769	244807567
1	244481439	244482616
1	244713848	244715221
1	244806258	244808278
0	245006479	245012644
0	245087740	245090824
0	245141053	246395458
1	245357754	245436952
1	245781208	246343769
2	245782621	245795585
2	245819830	246442693
3	245819957	246388939
4	245867714	245869829
4	245916096	246344261
5	245916096	246352064
6	245916649	245923951
7	245916678	245943968
8	245916814	245923406
9	245916909	245923153
10	245917047	245923190
11	245917079	245923131
12	245917098	245923151
13	245917100	245923134
6	245999978	246001011
6	246095365	246101323
6	246116403	246124718
7	246117875	246124535
8	246117971	246124611
9	246118074	246124316
10	246118116	246124495
11	246118120	246124263
6	246127582	247134313
7	246210114	246213302
8	246212267	246344261
8	246309151	246884005
5	246386403	246556995
2	246566732	246931997
3	246589303	247124862
4	246613167	246614381
5	246613167	246614980
6	246613270	246614358
5	246614567	246614567
4	246622617	246632953
5	246632703	246638065
5	246634150	246634150
5	246635008	246646934
6	246636816	246639857
4	246662304	246884005
5	246673635	246676879
5	246676880	246713386
6	246682736	246685967
6	246687782	246702344
7	246693541	246897164
8	246701351	246702389
7	246711567	246857031
8	246713051	246795030
8	246754133	246932000
9	246760996	246767346
9	246768571	246944046
10	246794522	246875051
11	246794551	246863305
11	246804697	246862187
12	246815817	246863836
13	246851482	246860246
14	246856102	246857052
9	246865937	246869166
9	246874936	246877958
5	246904382	246948743
6	246906146	246907648
7	246906171	246907523
6	246909448	246912408
6	246924302	246935401
5	246933722	246942061
6	246933867	246939281
7	246933939	246940658
8	246933979	246940659
0	247149254	247173069
